signal
1.4302	0.94572	1.15968	1.18144	1.22849	1.32518	1.39834	1.43279	1.46585	1.51159	1.53115	1.50985	1.48278	1.42205	1.38685	1.33274	1.2891	1.24125	1.19422	1.16476	1.12227	1.08592	1.03235	0.99686	0.959199	0.916133	0.870874	0.809876	0.748597	0.686461	0.634971	0.556059	0.498117	0.437096	0.382426	0.33549	0.278958	0.239893	0.200649	0.166074	0.133288	0.110882	0.0872442	0.0690233	0.0551322	0.0443922	0.0329462	0.0237918	0.01988	0.0145634	0	
DY
0.739521	0.953584	1.09101	1.15206	1.23375	1.31317	1.37929	1.44901	1.4994	1.51774	1.52593	1.50655	1.47107	1.42878	1.38215	1.33379	1.28445	1.23952	1.19967	1.16001	1.12262	1.08753	1.0476	1.00765	0.964155	0.915786	0.863663	0.808286	0.748131	0.686213	0.62214	0.561997	0.500621	0.439199	0.38158	0.329707	0.280854	0.23749	0.198831	0.16382	0.133832	0.109018	0.0876934	0.0694299	0.0543124	0.0425917	0.0329961	0.0251612	0.0191066	0.0144372	0	
WJets
0.742382	0.944389	1.06083	1.15874	1.22725	1.31264	1.38249	1.4479	1.49632	1.5201	1.52376	1.50735	1.47179	1.42878	1.38026	1.33179	1.28425	1.24103	1.19928	1.15951	1.1225	1.08652	1.04942	1.00904	0.964238	0.915395	0.863951	0.807499	0.748163	0.686533	0.62431	0.56071	0.498386	0.439617	0.3825	0.32955	0.281694	0.237662	0.198465	0.163748	0.134433	0.108665	0.0873665	0.0692021	0.0547767	0.0426213	0.032881	0.0253495	0.0191024	0.0143879	0	
TTJets
0.562306	0.963206	1.03348	1.17989	1.19385	1.31698	1.36609	1.45216	1.49124	1.52496	1.52672	1.51509	1.46555	1.42385	1.3917	1.32509	1.28952	1.25022	1.19318	1.1655	1.1273	1.09816	1.04004	1.00904	0.96035	0.913999	0.865538	0.812485	0.748119	0.687648	0.618208	0.554459	0.496126	0.436395	0.381805	0.329636	0.284792	0.236011	0.196194	0.163643	0.136624	0.109521	0.0852343	0.068403	0.0550777	0.0425319	0.0324677	0.0242944	0.019402	0.0153303	0	
T-W
1.74325	0.938952	1.04515	1.13222	1.17809	1.28021	1.36897	1.45097	1.51242	1.49433	1.49938	1.4762	1.45986	1.42181	1.38188	1.35112	1.30255	1.24668	1.20777	1.17116	1.11528	1.07529	1.05239	1.02164	0.965991	0.916789	0.863066	0.79918	0.757842	0.685808	0.618128	0.558177	0.495632	0.438604	0.392521	0.323191	0.279463	0.238859	0.199207	0.166714	0.132115	0.10888	0.0877652	0.0684217	0.0535544	0.0417537	0.0330382	0.025654	0.0201675	0.0139984	0	
Tbar-W
0.691333	1.024	1.01569	1.18363	1.194	1.35395	1.33718	1.40338	1.5154	1.5276	1.51518	1.51774	1.49954	1.43953	1.38514	1.32485	1.29074	1.23838	1.19859	1.16615	1.13128	1.0855	1.04201	1.00256	0.954371	0.913538	0.862973	0.805585	0.742381	0.695364	0.629471	0.565068	0.500673	0.444938	0.377461	0.327478	0.275111	0.239584	0.196382	0.159519	0.133144	0.106772	0.0880589	0.0698633	0.0559082	0.0408071	0.0332406	0.0262735	0.0185016	0.015297	0	
T-s
0.728363	0.930047	1.17477	1.0928	1.21157	1.32173	1.38909	1.45701	1.47091	1.50947	1.5063	1.51069	1.49384	1.42624	1.37482	1.32202	1.29266	1.24053	1.19911	1.1637	1.11199	1.08228	1.05155	1.01444	0.96852	0.918153	0.867616	0.815103	0.753314	0.672396	0.622578	0.548887	0.501713	0.446206	0.386258	0.332075	0.276053	0.235989	0.202026	0.16091	0.136549	0.105788	0.0903171	0.0693919	0.0530126	0.0429374	0.0340406	0.0268504	0.0203722	0.0140797	0	
Tbar-s
0	1.11741	0.938869	1.11788	1.2077	1.30403	1.35733	1.44002	1.43307	1.51217	1.4972	1.51984	1.4469	1.43868	1.38716	1.33914	1.29737	1.26146	1.20223	1.14953	1.10971	1.07816	1.04923	1.01035	0.947651	0.914568	0.855633	0.812071	0.763539	0.690191	0.618382	0.561093	0.505357	0.430766	0.390108	0.341041	0.282075	0.243955	0.195502	0.168022	0.134507	0.104542	0.0908436	0.0682737	0.0554376	0.0440865	0.0359203	0.0249331	0.017236	0.0143018	0	
T-t
1.39893	1.03605	1.09253	1.29127	1.12584	1.33034	1.46956	1.41062	1.45548	1.48834	1.50126	1.53813	1.4667	1.43899	1.38151	1.30732	1.29487	1.25615	1.19924	1.15092	1.14551	1.08041	1.04944	1.00757	0.956882	0.893816	0.849883	0.801159	0.753207	0.684252	0.607969	0.579529	0.507017	0.435173	0.397882	0.343465	0.272943	0.237206	0.201654	0.166735	0.131824	0.108028	0.0941049	0.0726848	0.0535447	0.0415829	0.0324304	0.0268594	0.0186539	0.0162699	0	
Tbar-t
0.753006	0.947	1.16425	1.19029	1.21651	1.31019	1.3899	1.43937	1.5091	1.52018	1.5398	1.51002	1.4771	1.42772	1.37498	1.33587	1.27893	1.23758	1.20506	1.1651	1.11964	1.08148	1.04852	1.00495	0.959727	0.916581	0.859612	0.80204	0.750251	0.688207	0.623707	0.559705	0.499911	0.443041	0.384666	0.329679	0.279983	0.237618	0.198328	0.164235	0.1361	0.108129	0.0879067	0.0694916	0.0542595	0.0422434	0.0334598	0.0248339	0.0193446	0.0148727	0	
WW
0.809794	0.955379	1.0617	1.14978	1.22966	1.30081	1.3887	1.44348	1.49567	1.51654	1.52562	1.50637	1.47229	1.42995	1.38114	1.33474	1.28344	1.24169	1.19857	1.16105	1.12468	1.08796	1.04925	1.00836	0.962534	0.915977	0.861614	0.808752	0.748151	0.685666	0.622828	0.560195	0.500138	0.439046	0.381474	0.32884	0.2812	0.237798	0.198893	0.163421	0.133678	0.109131	0.0872855	0.0694461	0.0546722	0.0427829	0.0330557	0.0254093	0.0190564	0.0144942	0	
WZ
0.798042	0.991663	1.07319	1.16021	1.24659	1.2988	1.37381	1.45722	1.48022	1.52504	1.52479	1.50454	1.47033	1.43127	1.38625	1.33053	1.28304	1.2397	1.19888	1.16006	1.12321	1.0844	1.05003	1.00785	0.96166	0.917509	0.863531	0.809102	0.747591	0.684843	0.6251	0.559905	0.49855	0.439782	0.382476	0.329822	0.282411	0.238285	0.198516	0.16421	0.134707	0.109494	0.0873364	0.0692923	0.0545699	0.04313	0.0327397	0.0252245	0.0190365	0.0142108	0	
ZZ
0.641516	0.967394	1.07358	1.18357	1.23415	1.31994	1.38517	1.44063	1.49176	1.51695	1.52245	1.5106	1.46904	1.42867	1.38434	1.32992	1.28526	1.23672	1.2008	1.16193	1.12098	1.08488	1.04953	1.00586	0.962559	0.919912	0.863951	0.807408	0.748746	0.687417	0.624022	0.561461	0.497828	0.440782	0.383218	0.330279	0.281798	0.237946	0.198019	0.164092	0.133545	0.109046	0.0870137	0.069113	0.0548277	0.0424907	0.0330603	0.0252992	0.0191094	0.0143736	0	
QCD100
0.772558	0.946999	1.07605	1.15745	1.22899	1.30821	1.38234	1.44396	1.49448	1.51985	1.52305	1.5071	1.47077	1.42922	1.3815	1.33197	1.28437	1.24159	1.20086	1.16174	1.12268	1.08574	1.04802	1.00813	0.963219	0.916469	0.864206	0.807611	0.747881	0.685853	0.623563	0.561025	0.498611	0.438844	0.382708	0.330181	0.281825	0.237769	0.198185	0.164064	0.134531	0.108754	0.0872123	0.0694767	0.0545477	0.0426273	0.0328827	0.0253027	0.019028	0.0143734	0	
QCD250
0.796447	0.98274	1.05553	1.1426	1.23544	1.30996	1.38201	1.4459	1.49297	1.52366	1.52624	1.50543	1.47181	1.42969	1.38136	1.33019	1.28623	1.24207	1.19866	1.16133	1.12304	1.08657	1.04768	1.00871	0.964651	0.915723	0.862106	0.806998	0.748506	0.68645	0.623216	0.56043	0.498515	0.439266	0.38311	0.329608	0.28076	0.2373	0.198799	0.164263	0.134926	0.108587	0.087144	0.0692833	0.054587	0.0427008	0.0330085	0.0252092	0.0191511	0.0145133	0	
QCD500
0.737797	0.960564	1.08369	1.15396	1.23822	1.30743	1.38137	1.44608	1.49143	1.52075	1.52357	1.50524	1.47577	1.42704	1.38161	1.33434	1.28463	1.24336	1.20028	1.16	1.12249	1.08692	1.04827	1.00725	0.964794	0.915582	0.862919	0.807942	0.74805	0.685794	0.623876	0.560677	0.498591	0.438811	0.382242	0.329809	0.281795	0.23698	0.197914	0.163757	0.134284	0.108732	0.0869043	0.0698196	0.0545599	0.0426428	0.0329151	0.0252891	0.0190001	0.0144839	0	
QCD1000
0.881543	0.998832	1.06605	1.1572	1.23779	1.30659	1.38397	1.44844	1.49355	1.52352	1.52212	1.50626	1.46969	1.43162	1.3796	1.33162	1.28694	1.23897	1.19917	1.16197	1.12229	1.08707	1.04781	1.00995	0.96454	0.917481	0.86181	0.806388	0.74638	0.685975	0.623921	0.561326	0.498156	0.4391	0.38332	0.329568	0.282076	0.237479	0.198107	0.163486	0.13431	0.109699	0.0871084	0.0695794	0.0547806	0.0424098	0.0330221	0.0254463	0.0190675	0.0142661	0	
