EWKZ
0.305523	0.372615	0.434453	0.498322	0.571842	0.669882	0.742252	0.838008	0.91457	0.976184	1.02721	1.0611	1.0803	1.08785	1.09124	1.08513	1.08769	1.08171	1.09124	1.0896	1.09063	1.09932	1.10873	1.10692	1.10689	1.09447	1.08358	1.06791	1.04772	1.01875	0.986616	0.951485	0.90645	0.8566	0.805853	0.763164	0.716133	0.654933	0.614063	0.563741	0.513466	0.456244	0.411158	0.370292	0.335364	0.295913	0.264301	0.229766	0.198488	0.171905	0.152707	0.133206	0.111649	0.0941344	0.080999	0.0677381	0.0585932	0.0448522	0.040017	0.0340559	0.0298077	0.0227615	0.0208387	0.0162714	0.0133849	0.0111804	0.00922943	0.00827324	0.00541021	0.0059638	0.00480285	0.00318175	0.00795968	0.00333255	0.00420726	0.0026715	0.00512201	0.00164783	0.00213495	0	0	0	0	0	0	0	0	0	0	0	0	0	0	0	0	0	0	0	0	0	
EWKZRD
0.739986	0.588267	0.603794	0.670251	0.641483	0.670732	0.686679	0.696271	0.710473	0.723531	0.737864	0.754756	0.773381	0.796606	0.820124	0.843247	0.87446	0.900138	0.9241	0.954278	0.984674	1.00906	1.03854	1.07059	1.10214	1.13363	1.17188	1.21533	1.25898	1.3019	1.35274	1.41325	1.46443	1.53427	1.59378	1.67143	1.75059	1.86886	1.95011	2.00701	2.13501	2.2968	2.3114	2.3846	2.49339	2.69098	2.79014	2.74957	2.87506	3.84668	3.04759	3.82638	4.98133	3.32232	3.364	5.1452	2.65527	5.24254	3.42344	6.65695	4.28466	5.47945	1.74128	0	1.38474	0	0	0	0	0	0	0	0	0	0	0	0	0	0	0	0	0	0	0	0	0	0	0	0	0	0	0	0	0	0	0	0	0	0	0	
DY
0.303214	0.366768	0.441695	0.502069	0.580469	0.665085	0.748243	0.837161	0.917276	0.977832	1.03036	1.06183	1.07872	1.08747	1.09015	1.08922	1.08568	1.08452	1.08701	1.08918	1.09326	1.09969	1.10149	1.10363	1.10238	1.09589	1.08492	1.06942	1.04634	1.01852	0.984013	0.951263	0.910804	0.862681	0.812804	0.765031	0.713044	0.662652	0.612396	0.559378	0.508793	0.463397	0.4185	0.373525	0.330718	0.294701	0.260436	0.227409	0.198486	0.173026	0.146639	0.127925	0.108855	0.0936257	0.0787428	0.0675236	0.0568645	0.0475648	0.0396746	0.0337511	0.0281884	0.0229997	0.0185873	0.0162212	0.0130472	0.0113167	0.0090541	0.00762327	0.00614703	0.00508201	0.00453758	0.00374511	0.0031919	0.00329784	0.00243522	0.002826	0.00327352	0.00153184	0.00218314	0.00474513	0.00103764	0.00205323	0.00204079	0	0.0018108	0	0	0	0	0.000242733	0	0	7.19549e-05	0	0	0	0	0	0	0	
DYRD
0.708303	0.605905	0.635982	0.645648	0.660498	0.674543	0.68837	0.698188	0.713097	0.724932	0.740906	0.759329	0.779412	0.800303	0.824198	0.848875	0.875486	0.902223	0.928619	0.954458	0.980986	1.00849	1.0376	1.06788	1.09835	1.13029	1.16678	1.20977	1.24971	1.2917	1.34772	1.39748	1.45524	1.52422	1.58372	1.65547	1.73463	1.81025	1.89528	1.98816	2.08474	2.1859	2.26389	2.37663	2.47073	2.59584	2.70968	2.74612	2.93235	3.02501	3.1464	3.41189	3.65193	3.56361	3.67624	3.64753	3.96209	4.49081	5.27859	4.88778	6.29192	9.3875	5.11406	22.6281	4.74474	8.9174	0	0	2.15756	0	0	0	0	0	0	0	0	0	0	0	0	0	0	0	0	0	0	0	0	0	0	0	0	0	0	0	0	0	0	0	
DY0
0.305702	0.363781	0.442295	0.500065	0.579094	0.66294	0.748293	0.837755	0.917935	0.978586	1.02934	1.06142	1.07952	1.08777	1.09138	1.08999	1.08593	1.08592	1.08692	1.09069	1.09239	1.09831	1.10141	1.10335	1.10293	1.09536	1.08462	1.0692	1.04588	1.01856	0.983682	0.951058	0.910367	0.863217	0.812687	0.76478	0.712103	0.661734	0.612465	0.559743	0.507891	0.464395	0.418848	0.373087	0.330119	0.293823	0.259315	0.226959	0.198458	0.172979	0.146337	0.127903	0.108559	0.0939584	0.0794683	0.0670478	0.0569838	0.0469218	0.0398598	0.0339519	0.0282083	0.0226744	0.0190698	0.0162233	0.0134956	0.0111995	0.00919643	0.00753497	0.00600305	0.00487707	0.00454112	0.0035194	0.00280377	0.003147	0.00245699	0.00269477	0.00378885	0.00187527	0.00197408	0.00514888	0.00112593	0.00148529	0.00147629	0	0.00130991	0	0	0	0	0	0	0	5.20515e-05	0	0	0	0	0	0	0	
DY1
0.291992	0.370468	0.438668	0.50212	0.581996	0.6667	0.750544	0.836229	0.914861	0.981312	1.02854	1.0624	1.08084	1.08542	1.08905	1.08848	1.08583	1.08387	1.08701	1.09102	1.09446	1.09861	1.10262	1.10427	1.10216	1.09616	1.08475	1.06658	1.04754	1.01811	0.987477	0.948222	0.908625	0.863102	0.81342	0.766892	0.710755	0.663849	0.609106	0.560368	0.510682	0.46296	0.417392	0.374271	0.332446	0.294639	0.259756	0.22711	0.197372	0.172182	0.147567	0.12931	0.110483	0.0930327	0.0792333	0.0679771	0.0570029	0.0471732	0.0388179	0.0329592	0.0268697	0.0222993	0.0197074	0.0157943	0.0122141	0.00981826	0.0100588	0.00756399	0.00645171	0.00501953	0.00397045	0.00380507	0.00325333	0.00269015	0.00231562	0.00239615	0.00206733	0.00332546	0.00156674	0.00224753	0.00737221	0.00243128	0.00322207	0.00071435	0.00142947	0.000477708	0.000639337	0.000428023	0	0	0	8.5355e-05	0	0	0	0	0	0	0	0	
DY2
0.311452	0.372331	0.433575	0.502535	0.576802	0.661475	0.748787	0.834869	0.915277	0.981018	1.03005	1.0622	1.08059	1.08856	1.08895	1.08831	1.08482	1.08435	1.08679	1.08838	1.09415	1.0983	1.1021	1.10333	1.10288	1.09763	1.08651	1.06793	1.04609	1.01509	0.98605	0.949112	0.911015	0.862635	0.812676	0.768159	0.714978	0.663859	0.611737	0.560628	0.512574	0.4618	0.414453	0.373985	0.332009	0.294074	0.260352	0.226837	0.198501	0.171386	0.149438	0.127952	0.11029	0.0938442	0.0800114	0.0678011	0.0561621	0.046469	0.0401594	0.0333513	0.0281498	0.0228948	0.018358	0.0161373	0.012592	0.0115899	0.0085909	0.00826719	0.00710047	0.00517485	0.00450362	0.00373466	0.00364956	0.00293375	0.00272337	0.00255632	0.00234847	0.00241772	0.00223746	0.00170212	0.00111664	0.00220953	0	0	0	0.000434137	0	0	0	0	0	0	0	0	0	0	0	0	0	0	
DY3
0.297047	0.38323	0.426513	0.502411	0.581868	0.668183	0.754646	0.837744	0.912824	0.983148	1.02948	1.06128	1.0818	1.08873	1.0886	1.0853	1.08633	1.08607	1.0865	1.09177	1.09157	1.10119	1.10453	1.1042	1.10266	1.09605	1.08346	1.06719	1.04556	1.01502	0.983911	0.950892	0.90615	0.862802	0.815123	0.763732	0.713504	0.66396	0.611703	0.558028	0.509669	0.464971	0.417597	0.372274	0.331976	0.293095	0.261166	0.225324	0.198386	0.171869	0.14697	0.126789	0.108199	0.0963024	0.0814871	0.0684692	0.0558385	0.0470565	0.0406387	0.0334197	0.0276773	0.0232533	0.0196456	0.0147715	0.0138382	0.0108585	0.00853272	0.00788924	0.0053444	0.00500204	0.00464523	0.00319085	0.00273817	0.00295774	0.0046676	0.00370476	0.00631382	0.00304687	0.00197379	0.00257406	0.00337731	0.000742534	0	0	0	0	0.000292888	0	0	0	0	0	0	0	0	0	0	0	0	0	
DY4
0.301449	0.385372	0.44041	0.49619	0.582616	0.653315	0.744932	0.836186	0.91447	0.980356	1.03195	1.05793	1.07946	1.08732	1.09375	1.08739	1.08573	1.08615	1.08769	1.08984	1.09477	1.09918	1.10178	1.10407	1.10303	1.0968	1.07984	1.06429	1.04519	1.01741	0.986752	0.950201	0.908876	0.863557	0.816227	0.767194	0.712655	0.66374	0.615722	0.559714	0.505656	0.462924	0.420544	0.372656	0.337123	0.292873	0.259371	0.226867	0.198358	0.169425	0.15377	0.127357	0.11109	0.0945124	0.0800724	0.0667173	0.0552579	0.0458017	0.0389001	0.0345369	0.0285755	0.0228575	0.0205048	0.0160699	0.013601	0.0113609	0.0100042	0.00714828	0.00546441	0.00613099	0.00438764	0.00312651	0.00325896	0.00307003	0.00271308	0.00430685	0.00183498	0.00236136	0.00229457	0.0014962	0	0.00129481	0	0	0	0	0	0	0	0	3.40834e-05	0	0	0	0	0	0	0	0	0	
WJets
0.304386	0.363231	0.429472	0.504978	0.57741	0.664812	0.749978	0.836516	0.915387	0.979354	1.02889	1.06239	1.07925	1.08746	1.08866	1.08758	1.08551	1.08585	1.08665	1.08871	1.09314	1.09867	1.1034	1.10515	1.10247	1.09542	1.08528	1.06837	1.04639	1.01899	0.987442	0.949081	0.906734	0.8635	0.81476	0.764664	0.715173	0.663129	0.611266	0.55913	0.511077	0.461896	0.416938	0.372298	0.333544	0.294905	0.259527	0.22911	0.198442	0.172435	0.148704	0.127684	0.109521	0.0937821	0.0797292	0.0671477	0.0565148	0.0474718	0.0391707	0.0328314	0.0275953	0.0231142	0.0198439	0.0163201	0.0132658	0.01054	0.0094364	0.0078235	0.00642751	0.00575102	0.00508638	0.00416158	0.0032811	0.00325538	0.00214505	0.00225035	0.00230777	0.00212834	0.00206814	0.0019265	0.00176937	0.0014588	0.00154663	0.00171448	0.000381202	0.00045861	0	0	0	0	0	0	0	0	0	0	0	0	0	0	
W0Jets
0.297816	0.365981	0.4293	0.506396	0.577429	0.664596	0.750934	0.836685	0.914642	0.980081	1.02873	1.06223	1.07921	1.08789	1.08817	1.08675	1.08553	1.08536	1.08719	1.08946	1.0929	1.09923	1.10336	1.10572	1.10206	1.09503	1.08527	1.06872	1.04559	1.01856	0.987808	0.94929	0.906813	0.863091	0.814992	0.764859	0.715152	0.66261	0.612236	0.559261	0.510232	0.461973	0.417031	0.371841	0.33365	0.29479	0.260128	0.229058	0.198473	0.172583	0.149428	0.127882	0.109469	0.0939007	0.0797052	0.0669869	0.0561714	0.0472566	0.0391226	0.03259	0.0272994	0.0227869	0.0192146	0.0161244	0.0136576	0.0105711	0.00959446	0.00765078	0.00634878	0.00592792	0.00507233	0.00414534	0.00305923	0.0033125	0.00204399	0.00202651	0.0025456	0.00197914	0.00256421	0.00182402	0.00146252	0.00144697	0.00191761	0.00127543	0.000364607	0.000426461	0	0	0	0	0	0	0	0	0	0	0	0	0	0	
W1Jets
0.312023	0.366595	0.43025	0.502309	0.576429	0.662294	0.750618	0.835981	0.911204	0.980737	1.02748	1.06216	1.07991	1.08776	1.09045	1.08765	1.08638	1.0862	1.08713	1.08813	1.09554	1.09554	1.10149	1.10422	1.10258	1.09518	1.08584	1.06902	1.04467	1.01836	0.986604	0.948852	0.908023	0.866318	0.816371	0.764952	0.716946	0.663196	0.610751	0.559872	0.510478	0.463468	0.417437	0.375309	0.331456	0.295128	0.259909	0.226814	0.197598	0.171212	0.149286	0.128305	0.106766	0.0926951	0.0804669	0.0670921	0.0563174	0.0465974	0.0400849	0.0332629	0.0271833	0.0228477	0.0206832	0.0158015	0.013335	0.0118446	0.00959295	0.00803433	0.00635365	0.00536483	0.00519939	0.00482321	0.00348387	0.00304594	0.00338132	0.00222374	0.00248705	0.00213365	0.00165864	0.00135192	0.00709515	0.00116995	0.00310098	0.00103126	0.00137575	0.00091951	0	0.000411938	0	0	0	0	0	0	0	0	0	0	0	0	
W2Jets
0.291406	0.370597	0.441933	0.503467	0.578732	0.66302	0.751967	0.837832	0.914176	0.978978	1.02814	1.06071	1.07884	1.08751	1.08968	1.08728	1.08584	1.0852	1.08556	1.09001	1.09466	1.09915	1.10262	1.1038	1.10113	1.09586	1.08492	1.0689	1.04592	1.01872	0.986961	0.950327	0.908903	0.864119	0.815786	0.763682	0.716509	0.661733	0.610047	0.560355	0.507427	0.464069	0.417702	0.373161	0.334059	0.295132	0.259171	0.229089	0.199297	0.172819	0.14796	0.128881	0.110341	0.0938049	0.0788158	0.0660963	0.0559359	0.0475877	0.0387917	0.0335312	0.0271457	0.023581	0.0194682	0.0149919	0.013859	0.0107748	0.00890653	0.00771584	0.00666935	0.00477729	0.00433679	0.00385717	0.00360526	0.00349219	0.0029559	0.0019663	0.00150798	0.00226398	0.00169226	0.00204928	0.00188213	0.000886725	0.00102824	0.00273561	0	0	0.000816116	0	0.000365714	0	0	0	0	0	0	0	0	0	0	0	
W3Jets
0.293767	0.378463	0.432377	0.507072	0.57493	0.660372	0.750153	0.839636	0.909327	0.979375	1.03083	1.06156	1.07811	1.08797	1.08877	1.08747	1.08649	1.08734	1.08775	1.08926	1.0956	1.09957	1.10393	1.10383	1.09865	1.09776	1.0829	1.06571	1.04595	1.0201	0.987335	0.948467	0.906626	0.86393	0.814411	0.764343	0.717403	0.662823	0.611438	0.559196	0.508841	0.463094	0.416269	0.373302	0.330101	0.294922	0.25932	0.22797	0.198298	0.173828	0.151097	0.128016	0.109996	0.0938404	0.0794405	0.0667945	0.0572382	0.0470604	0.0397043	0.0330509	0.027739	0.0224754	0.019282	0.0158804	0.01319	0.0111275	0.00991537	0.00859204	0.00679	0.00594095	0.00405601	0.00347307	0.00296197	0.00330031	0.00293553	0.00205039	0.00291197	0.00187364	0.00364129	0.00237434	0.00155763	0.00154107	0.00102116	0	0	0.000605593	0	0	0	0	0	0	0	0	0	0	0	0	0	0	
W4Jets
0.295649	0.370086	0.428071	0.50852	0.577607	0.660348	0.747967	0.837117	0.918391	0.979855	1.02791	1.06208	1.07859	1.08665	1.08999	1.08691	1.08689	1.08462	1.08718	1.09008	1.09282	1.0991	1.10281	1.1034	1.10018	1.09587	1.08289	1.06852	1.04733	1.01505	0.988081	0.950674	0.906908	0.862647	0.818818	0.766855	0.714685	0.663403	0.609986	0.561427	0.513275	0.461082	0.416535	0.374093	0.333044	0.297893	0.256922	0.228538	0.198236	0.175469	0.148878	0.129206	0.10909	0.0935263	0.0806549	0.0659771	0.0582784	0.047387	0.0404759	0.0334622	0.0281272	0.0228511	0.0195147	0.0161137	0.0133067	0.0114563	0.00837841	0.00718855	0.00691952	0.00479246	0.00564355	0.00486638	0.00348891	0.0028979	0.00378048	0.00189514	0.00164373	0.00493558	0.00191839	0.00208484	0.00102578	0.00270634	0	0	0	0	0	0	0	0	0	0	0	0	0	0	0	0	0	0	
TTJetsSemiLept
0.315702	0.378039	0.439516	0.498343	0.580829	0.662269	0.74939	0.838285	0.913566	0.980869	1.02985	1.06109	1.08081	1.08695	1.09049	1.08663	1.08607	1.08517	1.08648	1.08809	1.09407	1.09971	1.10466	1.1026	1.10183	1.09719	1.08715	1.06868	1.04373	1.0194	0.986758	0.947592	0.907776	0.862726	0.812926	0.766738	0.711906	0.659711	0.613573	0.561432	0.510926	0.462533	0.41483	0.373033	0.335443	0.29479	0.260552	0.227002	0.197652	0.173573	0.148586	0.127563	0.110233	0.0932484	0.0795421	0.0670513	0.0561128	0.0487747	0.0388893	0.0330059	0.0281236	0.0227648	0.0189334	0.015513	0.0131322	0.0101749	0.00894454	0.00739996	0.0067465	0.00538787	0.00514278	0.00391256	0.00289914	0.00304555	0.00302102	0.00216579	0.00330065	0.00184057	0.0017885	0.00194369	0.000956332	0	0.00334377	0.000555999	0.00148347	0	0.000663485	0	0	0	0	0	0	0	0	0	0	0	0	0	
TTJetsFullLept
0.313599	0.355044	0.438164	0.501875	0.580728	0.664103	0.746415	0.837034	0.914252	0.983122	1.0302	1.05823	1.0811	1.09026	1.09081	1.08729	1.08307	1.08312	1.08541	1.08871	1.09506	1.10045	1.10239	1.10252	1.10386	1.09452	1.08165	1.06862	1.04619	1.01906	0.984388	0.950551	0.908366	0.864	0.818597	0.764719	0.719502	0.662887	0.6088	0.560846	0.510934	0.46288	0.414706	0.372485	0.334802	0.294605	0.258171	0.226821	0.201992	0.17516	0.150224	0.129901	0.110883	0.093147	0.080244	0.0670329	0.0558499	0.0469125	0.0392201	0.0337311	0.0278788	0.0236044	0.0195798	0.0153059	0.0145421	0.0108872	0.00907354	0.00636189	0.00574887	0.00480971	0.00577615	0.003311	0.00493796	0.00201573	0.00231347	0.00179544	0.00172117	0.00332236	0.00286967	0.0018712	0.000920668	0.00242901	0.000804766	0	0.000714071	0	0	0	0	0	0	0	0	0	0	0	0	0	0	0	
TTJetsHadronic
0.294319	0.376346	0.432128	0.502762	0.580475	0.661889	0.750357	0.837548	0.914109	0.979489	1.02905	1.06135	1.07861	1.08759	1.08875	1.08833	1.08652	1.0857	1.08665	1.09026	1.09534	1.09799	1.10359	1.10346	1.10261	1.09666	1.08569	1.06799	1.04568	1.01737	0.98646	0.946832	0.908539	0.862898	0.814471	0.76447	0.714	0.663756	0.611033	0.559709	0.510748	0.462608	0.415741	0.374331	0.33395	0.296084	0.258806	0.226754	0.198489	0.172649	0.148084	0.128118	0.108681	0.0946492	0.0786336	0.066654	0.0557482	0.0467933	0.0398093	0.0332757	0.0277067	0.022268	0.018936	0.0159101	0.0134966	0.0106409	0.00909933	0.00747733	0.00647302	0.00508138	0.00416255	0.00385797	0.00375105	0.0032222	0.00256458	0.00288109	0.00239367	0.00243182	0.00187074	0.0017743	0.00213398	0.00140753	0.001399	0.003722	0.00082756	0.00165934	0	0.000743382	0.000497581	0	0	0	0	0	0	0	0	0	0	0	
T-W
0.714617	0.361069	0.423044	0.493324	0.554173	0.64826	0.742496	0.838126	0.925055	0.96256	1.01223	1.04023	1.07029	1.08194	1.08972	1.10315	1.10076	1.09058	1.09412	1.09943	1.08589	1.08709	1.10631	1.11874	1.10426	1.09687	1.08395	1.05716	1.05972	1.01772	0.977473	0.944608	0.901549	0.861341	0.835944	0.749763	0.70937	0.666341	0.613432	0.569145	0.502167	0.462718	0.41876	0.368028	0.326038	0.288845	0.260717	0.231818	0.209466	0.167734	0.141593	0.145535	0.120617	0.0973939	0.0821798	0.0765694	0.0549807	0.0397213	0.0334933	0.0310566	0.0266523	0.0306759	0.0158081	0.0231071	0.0178899	0.0112076	0.0101085	0.00515191	0.00881293	0.00548009	0.00454704	0.00283509	0	0	0.00210874	0	0	0	0	0	0	0	0	0	0	0	0	0	0	0	0	0	0	0	0	0	0	0	0	0	
Tbar-W
0.283436	0.393825	0.411169	0.51579	0.561731	0.685689	0.725344	0.81074	0.926993	0.984118	1.02303	1.06963	1.09952	1.09557	1.09243	1.08184	1.09092	1.08346	1.08594	1.09487	1.10161	1.09756	1.09554	1.09798	1.09112	1.09312	1.08397	1.06577	1.03823	1.03203	0.995537	0.956392	0.910833	0.873891	0.803972	0.759804	0.698412	0.668447	0.604811	0.544651	0.50614	0.453818	0.420214	0.375829	0.34041	0.282333	0.262348	0.237445	0.192188	0.183317	0.144623	0.140378	0.110139	0.0885247	0.0776063	0.0727025	0.0663289	0.0419069	0.0402437	0.034111	0.0297309	0.0222564	0.0156747	0.0146638	0.0144129	0.011113	0.0100232	0.0056193	0.00349544	0.0108677	0.00270521	0.00421676	0	0.00331246	0	0.0013277	0	0	0	0	0	0	0	0	0	0	0	0	0	0	0	0	0	0	0	0	0	0	0	0	
T-s
0.298635	0.35771	0.475598	0.476238	0.570027	0.669409	0.75355	0.841767	0.899832	0.97249	1.01709	1.06473	1.09541	1.08551	1.08436	1.07959	1.0926	1.0854	1.08649	1.09263	1.08289	1.09436	1.10563	1.11106	1.10736	1.09871	1.08987	1.07842	1.05358	0.998001	0.984692	0.929059	0.912778	0.876433	0.822756	0.770515	0.700845	0.658456	0.622227	0.549433	0.519116	0.449661	0.431015	0.373315	0.322799	0.297089	0.268676	0.242673	0.211631	0.168739	0.14349	0.142272	0.115394	0.0896845	0.0704791	0.0679527	0.0574404	0.0530699	0.0340014	0.032446	0.0250602	0.0320483	0.016974	0.0107293	0.0242973	0.0152217	0.00475232	0.0037004	0.0092072	0.00572525	0.00712569	0.00111072	0.00277866	0	0	0	0	0	0	0	7.97033e-05	0	0	0	0	0	0	0	0	0	0	0	0	0	0	0	0	0	0	0	
Tbar-s
0	0.42966	0.379993	0.487039	0.568058	0.660272	0.736122	0.831731	0.876452	0.973973	1.01068	1.07089	1.06071	1.09469	1.0938	1.09328	1.0963	1.10341	1.08902	1.07904	1.08038	1.08991	1.1029	1.10628	1.08321	1.09413	1.07453	1.07412	1.0676	1.02414	0.977797	0.949467	0.919163	0.845881	0.830736	0.791108	0.715943	0.680501	0.601974	0.573564	0.511216	0.444248	0.433412	0.367202	0.337475	0.304959	0.283438	0.225285	0.179004	0.171355	0.176933	0.142363	0.120214	0.0865888	0.0696597	0.0642026	0.0664049	0.0495302	0.0746395	0.0483794	0.0289146	0.0369774	0.0182791	0.0207975	0.0218045	0.04098	0.0127943	0	0	0.00308272	0.00383677	0.00239224	0.000748073	0	0.000296558	0.000376613	0	0	0	0	0	0	0	0	0	0	0	0	0	0	0	0	0	0	0	0	0	0	0	0	
T-t
0.317451	0.370296	0.435949	0.498066	0.584832	0.655088	0.754189	0.834325	0.918306	0.976691	1.02627	1.06181	1.0797	1.08848	1.0865	1.08921	1.08303	1.086	1.09256	1.0905	1.09247	1.09567	1.09901	1.10701	1.10424	1.09787	1.08552	1.07003	1.04239	1.01534	0.986002	0.948222	0.905664	0.86117	0.81257	0.766847	0.720973	0.665733	0.614145	0.558941	0.509972	0.467298	0.413069	0.374121	0.336672	0.294135	0.262902	0.224316	0.200001	0.17387	0.145437	0.127827	0.109051	0.0917293	0.081077	0.0658226	0.0609245	0.046881	0.0379772	0.0360053	0.0270367	0.0243852	0.0200775	0.0136863	0.0125451	0.0125033	0.0104097	0.00792537	0.00543296	0.00689745	0.00429231	0.00494079	0.00334756	0.00229345	0.00144771	0.00337062	0.000923202	0.00103953	0	0.00175643	0	0	0	0	0	0	0	0	0	0	0	0	0	0	0	0	0	0	0	0	
Tbar-t
0.308743	0.364236	0.471345	0.518732	0.572359	0.663572	0.753997	0.831587	0.923204	0.979405	1.03973	1.06427	1.08315	1.08665	1.0845	1.09091	1.08101	1.08283	1.09189	1.09396	1.09035	1.09357	1.10246	1.10068	1.09732	1.09684	1.07983	1.06115	1.04931	1.02148	0.986493	0.947382	0.909512	0.870228	0.819377	0.764965	0.710832	0.66301	0.610847	0.560794	0.517414	0.459619	0.419518	0.373857	0.330396	0.292291	0.264096	0.224452	0.200959	0.178245	0.15273	0.123006	0.10859	0.097971	0.0798861	0.064974	0.0560368	0.049026	0.0407723	0.0335702	0.0297671	0.0201032	0.0208651	0.0163361	0.0150718	0.0123158	0.00769019	0.0100162	0.00721428	0.00532714	0.00482196	0.00826787	0.00344725	0.00216493	0.00819952	0.0017355	0.00332743	0.00214096	0	0	0	0	0	0	0	0	0	0	0	0	0	0	0	0	0	0	0	0	0	0	
WW
0.332028	0.36746	0.429829	0.50108	0.578551	0.658825	0.75335	0.833967	0.914997	0.977062	1.03015	1.0617	1.07963	1.08836	1.08936	1.09	1.08483	1.08643	1.08601	1.09016	1.09526	1.10013	1.10323	1.10441	1.10053	1.09612	1.08235	1.07004	1.04638	1.01771	0.985106	0.948216	0.909928	0.862385	0.81258	0.763023	0.713925	0.663515	0.612589	0.558015	0.508211	0.463879	0.416555	0.373613	0.33291	0.296025	0.260908	0.229653	0.197966	0.17371	0.148053	0.126957	0.109729	0.0930677	0.0806456	0.0678695	0.0570187	0.0463785	0.040875	0.0337342	0.0277288	0.0241108	0.0175426	0.0149484	0.012331	0.0103092	0.00819807	0.00650745	0.00621389	0.00587319	0.00498396	0.00461927	0.00323915	0.00419563	0.00249265	0.00269071	0.00245659	0.00138306	0.00358383	0.00467375	0.000766526	0	0.00134006	0	0	0	0	0	0	0	0	0	0	0	0	0	0	0	0	0	
WZ
0.328229	0.380415	0.434147	0.505666	0.586774	0.6581	0.745212	0.841695	0.905554	0.9826	1.02957	1.06048	1.07809	1.08943	1.09339	1.08658	1.08443	1.08465	1.0865	1.08938	1.09382	1.09662	1.10414	1.10393	1.0996	1.09787	1.08472	1.07044	1.04572	1.01652	0.988788	0.947707	0.907108	0.863765	0.814625	0.765277	0.716932	0.664866	0.611336	0.56088	0.51204	0.465515	0.416785	0.372801	0.332268	0.298508	0.258399	0.227989	0.197635	0.170277	0.150938	0.126801	0.108925	0.0935517	0.0783995	0.0684802	0.055853	0.0480139	0.0391434	0.0315987	0.0279969	0.023087	0.019427	0.0153815	0.0125629	0.01109	0.00768127	0.00801963	0.00643975	0.00473637	0.00449367	0.00379801	0.00381752	0.00248626	0.0026484	0.00336334	0.00156326	0.00221286	0.00143351	0.00467368	0	0.00202231	0.00067002	0	0	0	0	0	0.000119152	0	0	0	0	0	0	0	0	0	0	0	
ZZ
0.263033	0.372084	0.43464	0.515809	0.580667	0.668519	0.751438	0.832328	0.91261	0.977336	1.02802	1.06469	1.07724	1.08739	1.09189	1.08607	1.08637	1.08209	1.08804	1.09099	1.09167	1.09702	1.10354	1.10169	1.10057	1.10084	1.08529	1.06826	1.04722	1.02032	0.987001	0.950365	0.905732	0.8658	0.816301	0.766365	0.715448	0.663932	0.609902	0.560312	0.507709	0.46352	0.41526	0.371824	0.333859	0.294005	0.260946	0.228659	0.198518	0.172265	0.149316	0.130222	0.11079	0.0940308	0.0782298	0.0669196	0.0571894	0.0467768	0.0380582	0.0325929	0.0262419	0.0217814	0.0186675	0.0143315	0.0118646	0.0125288	0.00904804	0.00797121	0.00687306	0.00449643	0.00400928	0.00322089	0.00337899	0.00263136	0.00259534	0.0021973	0.00187237	0.00216852	0.00351197	0.00152668	0.00300462	0.000990895	0	0.000873424	0	0	0	0	0	0	0	0	0	0	0	0	0	0	0	0	
QCD100
0.316761	0.364237	0.435641	0.504423	0.578234	0.662577	0.749901	0.834249	0.914271	0.979195	1.02842	1.06221	1.07851	1.0878	1.08964	1.08774	1.08562	1.08635	1.08808	1.09081	1.09332	1.09788	1.10194	1.10416	1.10132	1.09671	1.08561	1.06853	1.046	1.01799	0.986269	0.949622	0.907152	0.861989	0.815211	0.766135	0.715512	0.663433	0.610411	0.560213	0.511455	0.462275	0.416206	0.373779	0.332153	0.294949	0.259543	0.22869	0.197671	0.172262	0.14889	0.127373	0.109972	0.0938795	0.0794265	0.0664108	0.0568465	0.0469686	0.0404261	0.0323856	0.0275616	0.0229003	0.019368	0.0158677	0.0133334	0.0110431	0.0089232	0.00701293	0.00605962	0.00550637	0.00412637	0.00366129	0.00372098	0.00275824	0.00321841	0.00269756	0.00210243	0.00178914	0.0022456	0.00234283	0.00307391	0.00202749	0.00111956	0.00446783	0.000596033	0.000995925	0.00133289	0	0	0	0	0	0	0	0	0	0	0	0	0	
QCD250
0.326555	0.377983	0.427331	0.497949	0.581268	0.663461	0.749717	0.835364	0.91334	0.981648	1.03057	1.06103	1.07927	1.08816	1.08953	1.08629	1.08719	1.08676	1.08609	1.09042	1.09366	1.09872	1.10158	1.1048	1.10295	1.09582	1.08296	1.06771	1.04687	1.01888	0.985717	0.948612	0.906974	0.862815	0.816065	0.764803	0.712805	0.662122	0.612298	0.560889	0.512952	0.461564	0.415879	0.372737	0.332391	0.295457	0.260535	0.227844	0.198949	0.173938	0.148237	0.127835	0.109721	0.0945745	0.0803027	0.0675574	0.0555284	0.0460679	0.0387517	0.0333962	0.027241	0.0230297	0.018311	0.0158804	0.0134541	0.0112064	0.00875609	0.00784149	0.00704761	0.00546791	0.00438928	0.00444718	0.00375662	0.00275243	0.00254824	0.00316578	0.00211519	0.00374268	0.00277091	0.00252952	0.000921907	0	0.00181316	0.00241193	0.00160882	0	0	0	0	0	0	0	0	0	0	0	0	0	0	0	
QCD500
0.302508	0.369455	0.438733	0.502902	0.582577	0.66218	0.749375	0.835473	0.912405	0.979779	1.02877	1.06091	1.08218	1.08614	1.08973	1.08968	1.08584	1.08789	1.08757	1.08917	1.09313	1.09908	1.10221	1.10321	1.10312	1.09565	1.08399	1.06897	1.04624	1.0179	0.986764	0.949032	0.907115	0.861924	0.814217	0.765271	0.715435	0.661232	0.609574	0.559163	0.510516	0.462185	0.414736	0.375623	0.332227	0.295057	0.259798	0.228566	0.197382	0.173586	0.149697	0.128017	0.108965	0.0926374	0.0792621	0.0675747	0.0565235	0.0474619	0.0396407	0.0333064	0.0273887	0.0234014	0.0189182	0.0163307	0.0126324	0.0107674	0.00936989	0.00770909	0.00694714	0.00550126	0.00496299	0.00405395	0.00380311	0.00297688	0.0027587	0.00187114	0.00194876	0.00282125	0.00146211	0.00178759	0.00117271	0.00154699	0.00136677	0	0	0	0.000813601	0	0	0	0	0.00010862	0	0	0	0	0	0	0	0	
QCD1000
0.361441	0.384167	0.431582	0.504306	0.582367	0.661743	0.750773	0.83682	0.913683	0.981546	1.02777	1.06161	1.0777	1.08961	1.08812	1.08744	1.08777	1.08403	1.08654	1.09101	1.09292	1.09921	1.1017	1.10614	1.10281	1.09791	1.08258	1.06689	1.04388	1.01816	0.986819	0.950115	0.906309	0.862477	0.816501	0.7647	0.716137	0.662614	0.610158	0.558228	0.510606	0.466285	0.415703	0.374325	0.333565	0.293439	0.260638	0.229983	0.198078	0.170973	0.148529	0.126556	0.111411	0.0922446	0.0808842	0.0685979	0.0571539	0.0466246	0.0395903	0.0329816	0.0285974	0.0230218	0.0191646	0.0149704	0.0139732	0.0108661	0.0103721	0.00676599	0.00653756	0.00597825	0.00426369	0.00315466	0.00462417	0.00299774	0.00225619	0.00372482	0.00170036	0.00117822	0.0024806	0.000924286	0.00424449	0	0	0.00123384	0.000823008	0	0	0	0	0	0	0	0	0	0	0	0	0	0	0	
