ZVBF
0.387538	0.766689	1.48074	2.4918	3.59646	4.66452	5.82824	6.13025	6.33717	6.01435	5.46608	4.98295	4.38894	3.88702	3.40101	2.94831	2.52571	2.23772	1.95674	1.7315	1.51235	1.35396	1.21537	1.09755	0.980897	0.884083	0.782134	0.707095	0.629711	0.548277	0.491212	0.427137	0.378809	0.327527	0.284734	0.244094	0.212415	0.182007	0.155493	0.135134	0.112983	0.0965551	0.083032	0.0696577	0.0600282	0.0507439	0.0427457	0.0352366	0.0309542	0.0258184	0	
DY
0.472892	0.577991	0.683806	0.75752	0.851167	0.946942	1.03432	1.1239	1.19673	1.24087	1.27328	1.27958	1.26966	1.25221	1.23012	1.20623	1.18146	1.16082	1.145	1.1292	1.11524	1.10307	1.0854	1.06704	1.04435	1.01579	0.982447	0.944703	0.900415	0.852661	0.800391	0.750928	0.697048	0.63946	0.583039	0.530638	0.477896	0.428862	0.382493	0.33699	0.2955	0.259342	0.225597	0.193867	0.165208	0.141643	0.120399	0.101093	0.0848246	0.0710702	0	
TTJetsSemiLept
0.492367	0.59575	0.68043	0.751898	0.851692	0.942931	1.03591	1.12541	1.19188	1.24472	1.27264	1.27868	1.27211	1.25162	1.2305	1.20335	1.18189	1.16151	1.14444	1.12806	1.11606	1.1031	1.08852	1.06604	1.04382	1.01699	0.984469	0.944047	0.898162	0.853392	0.802622	0.748029	0.694729	0.639491	0.583125	0.531821	0.477132	0.426958	0.383227	0.338227	0.296738	0.258858	0.223618	0.193611	0.167567	0.141686	0.120453	0.100911	0.0844681	0.0712947	0	
TTJetsFullLept
0.489097	0.559525	0.678352	0.757242	0.851562	0.945563	1.03182	1.12375	1.1928	1.2476	1.2731	1.27526	1.27247	1.25545	1.23088	1.20411	1.17864	1.15935	1.14334	1.12873	1.1171	1.10386	1.0863	1.06598	1.04577	1.01454	0.979506	0.944018	0.900304	0.853127	0.800712	0.75038	0.695195	0.640449	0.587206	0.530432	0.482234	0.429023	0.380254	0.337881	0.296749	0.259058	0.223556	0.193331	0.167251	0.1416	0.119355	0.100833	0.0863244	0.0719481	0	
TTJetsHadronic
0.439043	0.599678	0.668227	0.756826	0.846293	0.94519	1.03704	1.12458	1.19567	1.24379	1.27327	1.27873	1.26879	1.25686	1.22693	1.20549	1.18172	1.16283	1.14413	1.13226	1.11586	1.10034	1.08544	1.06778	1.04488	1.01483	0.983113	0.944769	0.899297	0.850048	0.8019	0.746994	0.69632	0.639285	0.58503	0.530256	0.47753	0.427844	0.38206	0.336935	0.2974	0.259011	0.224297	0.196592	0.167595	0.142082	0.118404	0.102029	0.0849333	0.0709513	0	
WW
0.517828	0.579079	0.665433	0.756025	0.84835	0.938027	1.04138	1.11961	1.19375	1.23989	1.27302	1.27942	1.27071	1.25323	1.22922	1.20709	1.18054	1.16286	1.14395	1.13021	1.11728	1.10351	1.08711	1.06779	1.04259	1.016	0.980115	0.945247	0.90044	0.851981	0.801277	0.74852	0.696375	0.639238	0.582876	0.529243	0.478485	0.42942	0.382612	0.336168	0.295161	0.259611	0.224547	0.193912	0.166302	0.142279	0.120617	0.10209	0.0846021	0.0713509	0	
WZ
0.511892	0.599482	0.672103	0.762929	0.86039	0.936974	1.03011	1.12996	1.1814	1.24689	1.27227	1.27793	1.26888	1.25444	1.23374	1.20328	1.18007	1.16093	1.14443	1.12938	1.11579	1.09997	1.08798	1.0673	1.04169	1.0176	0.98224	0.945583	0.899858	0.850967	0.804255	0.748102	0.694202	0.640247	0.584331	0.530795	0.48049	0.430285	0.381821	0.337887	0.297378	0.260521	0.224667	0.193486	0.165978	0.14347	0.119455	0.101348	0.0844588	0.0699394	0	
ZZ
0.406012	0.588046	0.67385	0.778745	0.85066	0.952039	1.03827	1.11836	1.19039	1.23975	1.27072	1.28332	1.26777	1.25243	1.23174	1.20308	1.18239	1.1582	1.14582	1.13053	1.11374	1.10047	1.08735	1.06506	1.0427	1.01991	0.982768	0.943689	0.901276	0.854141	0.802553	0.750505	0.693126	0.642097	0.58545	0.531572	0.4798	0.429967	0.380767	0.337534	0.294853	0.259322	0.223747	0.193148	0.166886	0.14141	0.120557	0.101722	0.0847515	0.0707205	0	
