EWKZ
0.435971	0.536099	0.616484	0.692964	0.77752	0.889911	0.96332	1.06277	1.13394	1.18409	1.22006	1.23545	1.23451	1.22172	1.20597	1.18153	1.16804	1.14654	1.14217	1.12634	1.11326	1.10751	1.10165	1.08375	1.06673	1.03705	1.00831	0.974769	0.937054	0.89181	0.844526	0.795664	0.739898	0.681988	0.625353	0.576882	0.527006	0.468972	0.427646	0.381668	0.337814	0.291583	0.255166	0.223085	0.196077	0.167857	0.145423	0.122597	0.102683	0.0862088	0.0742262	0.0627494	0.0509675	0.0416421	0.0347231	0.0281424	0.0235957	0.0175116	0.0151526	0.0125121	0.0106318	0.00788747	0.00702189	0.00533744	0.00427979	0.00349011	0.00281781	0.00247548	0.00159012	0.00172598	0.00137218	0.000899661	0.00223281	0.00092939	0.00116849	0.000739752	0.00141486	0.000454035	0.00058637	0	0	0	0	0	0	0	0	0	0	0	0	0	0	0	0	0	0	0	0	0	
EWKZRD
1.05594	0.846368	0.856777	0.932046	0.87221	0.891041	0.891196	0.883021	0.880886	0.877626	0.876396	0.878771	0.88378	0.894633	0.906356	0.918158	0.939058	0.954086	0.967225	0.986453	1.0051	1.01658	1.03191	1.04818	1.06216	1.07415	1.09047	1.10934	1.126	1.13968	1.15792	1.18181	1.19535	1.22152	1.23679	1.26345	1.28827	1.33822	1.3581	1.3588	1.40464	1.46787	1.43446	1.43662	1.45781	1.52646	1.53518	1.46709	1.48734	1.92907	1.48134	1.80249	2.27398	1.46969	1.4421	2.13762	1.06929	2.04684	1.2963	2.44575	1.52826	1.89877	0.58675	0	0.442768	0	0	0	0	0	0	0	0	0	0	0	0	0	0	0	0	0	0	0	0	0	0	0	0	0	0	0	0	0	0	0	0	0	0	0	
DY
0.432677	0.527687	0.62676	0.698174	0.78925	0.883538	0.971095	1.0617	1.13729	1.18609	1.22381	1.2363	1.23271	1.22129	1.20478	1.18598	1.16588	1.14952	1.13773	1.12591	1.11593	1.10788	1.09446	1.08053	1.06239	1.0384	1.00956	0.976148	0.93582	0.891613	0.842299	0.795479	0.743452	0.68683	0.630747	0.578293	0.524733	0.474499	0.426486	0.378713	0.334739	0.296154	0.259722	0.225033	0.19336	0.16717	0.143296	0.121339	0.102682	0.0867706	0.0712764	0.0602616	0.0496922	0.0414171	0.0337559	0.0280533	0.0228995	0.0185707	0.015023	0.0124001	0.0100542	0.00796999	0.00626326	0.00532098	0.00417181	0.00353265	0.00276428	0.002281	0.00180668	0.00147078	0.00129639	0.00105896	0.000895377	0.00091971	0.000676336	0.000782533	0.000904249	0.000422076	0.000599605	0.00129751	0.000282028	0.00055366	0.000544858	0	0.000471015	0	0	0	0	5.73735e-05	0	0	1.58245e-05	0	0	0	0	0	0	0	
DYRD
1.01073	0.871744	0.90245	0.897833	0.898063	0.896103	0.893391	0.885451	0.884139	0.879325	0.880009	0.884096	0.890672	0.898786	0.910859	0.924286	0.94016	0.956296	0.971955	0.986639	1.00133	1.016	1.03098	1.04553	1.0585	1.07099	1.08573	1.10426	1.11771	1.13076	1.15362	1.16862	1.18786	1.21352	1.22899	1.25138	1.27652	1.29624	1.31991	1.34604	1.37157	1.39699	1.40498	1.43182	1.44456	1.47249	1.49091	1.46525	1.51698	1.51701	1.52936	1.60724	1.66711	1.57643	1.57595	1.5154	1.59554	1.75335	1.99877	1.79576	2.2442	3.25302	1.72326	7.42261	1.51712	2.78367	0	0	0.634133	0	0	0	0	0	0	0	0	0	0	0	0	0	0	0	0	0	0	0	0	0	0	0	0	0	0	0	0	0	0	0	
DY0
0.436226	0.52339	0.627612	0.695387	0.787381	0.880689	0.971161	1.06245	1.13811	1.187	1.2226	1.23582	1.23362	1.22163	1.20613	1.18682	1.16615	1.151	1.13765	1.12746	1.11505	1.1065	1.09438	1.08025	1.06292	1.03789	1.00928	0.975954	0.935403	0.891649	0.842015	0.795307	0.743095	0.687256	0.630656	0.578104	0.52404	0.473841	0.426534	0.378961	0.334146	0.296792	0.259939	0.224768	0.19301	0.166671	0.142679	0.121099	0.102668	0.0867475	0.0711299	0.0602512	0.0495572	0.0415642	0.0340669	0.0278556	0.0229476	0.0183197	0.0150931	0.0124739	0.0100613	0.00785727	0.00642584	0.00532166	0.00431517	0.00349605	0.00280774	0.00225458	0.00176437	0.00141147	0.0012974	0.000995134	0.000786502	0.000877643	0.000682382	0.000746193	0.0010466	0.000516705	0.000542186	0.00140791	0.000306025	0.000400512	0.000394145	0	0.000340728	0	0	0	0	0	0	0	1.14473e-05	0	0	0	0	0	0	0	
DY1
0.416663	0.53301	0.622464	0.698245	0.791326	0.885684	0.974082	1.06052	1.1343	1.19031	1.22165	1.23696	1.23513	1.21898	1.20356	1.18517	1.16604	1.14883	1.13774	1.12781	1.11716	1.1068	1.09558	1.08115	1.06217	1.03865	1.0094	0.973557	0.936892	0.891251	0.845263	0.792935	0.741673	0.687164	0.631225	0.5797	0.523048	0.475356	0.424194	0.379384	0.335981	0.295874	0.259035	0.225482	0.194371	0.167134	0.142922	0.12118	0.102106	0.0863478	0.0717275	0.0609141	0.0504355	0.0411548	0.0339661	0.0282417	0.0229552	0.0184178	0.0146986	0.0121092	0.00958389	0.00772731	0.0066407	0.00518095	0.00390542	0.00306489	0.00307102	0.00226326	0.00189623	0.0014527	0.00113436	0.00107591	0.000912611	0.000750236	0.00064312	0.000663504	0.000571063	0.000916283	0.000430308	0.000614568	0.00200374	0.000655603	0.00086024	0.000188441	0.000371827	0.000122292	0.000160793	0.000105588	0	0	0	1.9245e-05	0	0	0	0	0	0	0	0	
DY2
0.444432	0.53569	0.615238	0.698821	0.784264	0.878743	0.971802	1.05879	1.13481	1.18995	1.22344	1.23673	1.23484	1.22252	1.20345	1.185	1.16496	1.14934	1.13751	1.12507	1.11684	1.10648	1.09507	1.08024	1.06287	1.04005	1.01103	0.974789	0.935589	0.888613	0.844042	0.793679	0.743624	0.686793	0.630648	0.580658	0.526156	0.475363	0.426026	0.37956	0.337226	0.295133	0.257211	0.22531	0.194115	0.166814	0.14325	0.121034	0.10269	0.0859483	0.0726371	0.0602742	0.0503473	0.0415137	0.0342997	0.0281686	0.0226166	0.0181429	0.0152066	0.0122532	0.0100405	0.00793366	0.00618601	0.00529345	0.00402625	0.00361793	0.00262287	0.00247367	0.00208691	0.00149765	0.00128669	0.001056	0.00102376	0.000818171	0.000756364	0.000707855	0.000648723	0.000666169	0.000614524	0.000465429	0.000303498	0.000595807	0	0	0	0.000111138	0	0	0	0	0	0	0	0	0	0	0	0	0	0	
DY3
0.423876	0.551372	0.605217	0.698649	0.791153	0.887654	0.979406	1.06244	1.13177	1.19253	1.22276	1.23566	1.23623	1.22271	1.20306	1.18172	1.16657	1.15116	1.13721	1.12859	1.11421	1.1094	1.09748	1.08109	1.06266	1.03855	1.00819	0.974116	0.935121	0.888551	0.842211	0.795168	0.739653	0.686926	0.632547	0.577311	0.525071	0.475435	0.426003	0.377799	0.335315	0.297159	0.259162	0.224279	0.194096	0.166258	0.143698	0.120227	0.102631	0.0861907	0.0714375	0.0597265	0.0493929	0.0426011	0.0349323	0.0284462	0.0224863	0.0183723	0.0153881	0.0122784	0.00987196	0.0080579	0.00661989	0.00484546	0.00442472	0.00338961	0.0026051	0.00236058	0.00157078	0.00144763	0.00132715	0.000902235	0.000768098	0.000824863	0.00129634	0.00102586	0.00174408	0.000839523	0.000542106	0.000703854	0.000917941	0.000200227	0	0	0	0	7.36616e-05	0	0	0	0	0	0	0	0	0	0	0	0	0	
DY4
0.430158	0.554452	0.624937	0.689999	0.792169	0.867902	0.966799	1.06046	1.13381	1.18915	1.22569	1.23176	1.23355	1.22112	1.20875	1.18399	1.16593	1.15124	1.13845	1.12658	1.11748	1.10738	1.09474	1.08096	1.06302	1.03926	1.00483	0.971467	0.934784	0.89064	0.844643	0.79459	0.741879	0.687527	0.633404	0.579928	0.524446	0.475278	0.428802	0.378941	0.332675	0.295852	0.260991	0.224509	0.197105	0.166133	0.14271	0.12105	0.102616	0.0849648	0.0747426	0.059994	0.0507123	0.0418093	0.0343258	0.0277183	0.0222525	0.0178824	0.0147297	0.0126888	0.0101923	0.00792074	0.00690939	0.00527136	0.00434886	0.00354644	0.00305436	0.00213888	0.00160605	0.00177436	0.00125355	0.000884043	0.000914189	0.000856177	0.000753507	0.00119259	0.00050688	0.00065064	0.000630208	0.000409122	0	0.000349151	0	0	0	0	0	0	0	0	7.87206e-06	0	0	0	0	0	0	0	0	0	
WJets
0.434349	0.522597	0.609416	0.702218	0.785091	0.883176	0.973347	1.06088	1.13495	1.18793	1.22206	1.23695	1.23331	1.22128	1.20312	1.1842	1.16569	1.15092	1.13736	1.12542	1.11581	1.10686	1.09636	1.08202	1.06248	1.03795	1.00989	0.975193	0.935858	0.892026	0.845234	0.793654	0.74013	0.687481	0.632265	0.578016	0.5263	0.47484	0.425699	0.378545	0.336241	0.295194	0.258753	0.224293	0.195013	0.167285	0.142796	0.122247	0.10266	0.0864743	0.0722803	0.0601478	0.0499962	0.0414862	0.0341787	0.0278971	0.0227587	0.0185344	0.0148322	0.0120622	0.00984272	0.00800967	0.00668671	0.00535344	0.0042417	0.00329019	0.002881	0.00234091	0.00188912	0.0016644	0.00145318	0.00117672	0.000920398	0.000907869	0.000595746	0.000623131	0.000637481	0.000586434	0.000568019	0.000526784	0.000480909	0.000393371	0.000412924	0.000452269	9.91562e-05	0.000117403	0	0	0	0	0	0	0	0	0	0	0	0	0	0	
W0Jets
0.424974	0.526555	0.609171	0.704191	0.785116	0.882889	0.974588	1.0611	1.13403	1.18881	1.22187	1.23676	1.23326	1.22176	1.20259	1.18329	1.16572	1.1504	1.13793	1.12619	1.11557	1.10742	1.09632	1.08258	1.06208	1.03758	1.00989	0.975514	0.935146	0.891651	0.845547	0.793829	0.740195	0.687156	0.632445	0.578163	0.526284	0.474469	0.426374	0.378634	0.335685	0.295243	0.258811	0.224018	0.195074	0.16722	0.143127	0.122219	0.102675	0.0865489	0.0726321	0.0602412	0.0499725	0.0415387	0.0341685	0.0278304	0.0226204	0.0184504	0.014814	0.0119735	0.00973717	0.00789627	0.00647464	0.00528923	0.00436698	0.00329989	0.00292926	0.00228923	0.00186598	0.00171559	0.00144917	0.00117212	0.00085816	0.000923798	0.000567677	0.000561151	0.000703175	0.000545325	0.000704267	0.000498763	0.000397508	0.000390182	0.000511971	0.000336452	9.48398e-05	0.000109173	0	0	0	0	0	0	0	0	0	0	0	0	0	0	
W1Jets
0.445246	0.527438	0.610519	0.698507	0.783757	0.879831	0.974178	1.0602	1.12976	1.18961	1.22038	1.23669	1.23407	1.22162	1.20511	1.18427	1.16664	1.1513	1.13786	1.12482	1.11826	1.1037	1.09446	1.08111	1.06258	1.03772	1.01041	0.975784	0.934324	0.891467	0.844517	0.793462	0.741183	0.689725	0.633516	0.578233	0.527604	0.474889	0.425339	0.379048	0.335848	0.296199	0.259063	0.226108	0.193792	0.167412	0.143006	0.121021	0.102223	0.0858611	0.072563	0.0604406	0.0487385	0.0410054	0.034495	0.0278741	0.0226792	0.018193	0.0151784	0.0122207	0.00969576	0.00791734	0.0069695	0.00518331	0.00426382	0.00369744	0.0029288	0.002404	0.00186741	0.00155263	0.00148547	0.00136379	0.000977278	0.00084946	0.000939097	0.000615763	0.000687003	0.000587899	0.00045555	0.00036967	0.00192844	0.000315482	0.000827911	0.000272039	0.000357854	0.000235392	0	0.00010162	0	0	0	0	0	0	0	0	0	0	0	0	
W2Jets
0.415827	0.533195	0.627098	0.700118	0.786889	0.880796	0.975928	1.06255	1.13345	1.18748	1.22117	1.23499	1.23285	1.22133	1.20426	1.18388	1.16605	1.15024	1.13622	1.12677	1.11736	1.10734	1.09558	1.0807	1.06119	1.03837	1.00956	0.975675	0.935443	0.891784	0.844822	0.794696	0.7419	0.687974	0.633062	0.577274	0.527283	0.473841	0.42485	0.379375	0.33384	0.296583	0.259227	0.224813	0.195314	0.167414	0.1426	0.122236	0.103102	0.0866673	0.0719189	0.0607119	0.0503707	0.0414964	0.0337872	0.0274603	0.0225256	0.0185797	0.0146887	0.0123193	0.00968234	0.00817145	0.00656009	0.00491773	0.00443137	0.00336349	0.00271923	0.0023087	0.0019602	0.00138259	0.00123902	0.00109064	0.00101133	0.000973911	0.000820945	0.000544478	0.000416551	0.000623807	0.000464783	0.000560356	0.000511557	0.000239108	0.000274525	0.000721637	0	0	0.000205253	0	8.8365e-05	0	0	0	0	0	0	0	0	0	0	0	
W3Jets
0.419197	0.544512	0.613538	0.70513	0.781718	0.877278	0.973575	1.06484	1.12744	1.18796	1.22436	1.23599	1.23201	1.22186	1.20325	1.18408	1.16675	1.15251	1.13851	1.12598	1.11833	1.10776	1.09688	1.08073	1.05879	1.04017	1.00768	0.972767	0.935465	0.892994	0.845142	0.79314	0.740042	0.687824	0.631995	0.577773	0.527941	0.474622	0.425818	0.37859	0.334771	0.29596	0.258338	0.224899	0.193	0.167295	0.142682	0.121638	0.102585	0.087173	0.0734436	0.0603045	0.0502131	0.0415121	0.0340549	0.0277504	0.02305	0.0183738	0.0150342	0.0121429	0.00989397	0.00778832	0.00649734	0.0052092	0.00421746	0.00347358	0.00302723	0.00257087	0.00199566	0.00171936	0.00115881	0.000982032	0.00083088	0.000920398	0.000815286	0.000567761	0.000804378	0.000516256	0.00100009	0.000649243	0.000423359	0.000415556	0.000272633	0	0	0.00015503	0	0	0	0	0	0	0	0	0	0	0	0	0	0	
W4Jets
0.421881	0.53246	0.607428	0.707145	0.785359	0.877245	0.970738	1.06164	1.13867	1.18854	1.2209	1.23659	1.23256	1.22037	1.2046	1.18346	1.16718	1.14962	1.13792	1.12683	1.11548	1.10729	1.09577	1.0803	1.06027	1.03838	1.00767	0.97533	0.936699	0.888572	0.845781	0.794986	0.740272	0.686803	0.635414	0.579672	0.525941	0.475037	0.424807	0.3801	0.337688	0.294674	0.258503	0.225375	0.19472	0.16898	0.141363	0.121942	0.102553	0.0879959	0.0723651	0.060865	0.0497993	0.0413731	0.0345756	0.0274108	0.0234689	0.0185013	0.0153264	0.012294	0.0100324	0.00791849	0.00657576	0.00528573	0.00425477	0.00357623	0.00255799	0.00215093	0.00203373	0.00138698	0.00161237	0.001376	0.000978693	0.000808175	0.00104996	0.000524773	0.00045405	0.00135993	0.00052689	0.000570081	0.000278804	0.000729775	0	0	0	0	0	0	0	0	0	0	0	0	0	0	0	0	0	0	
TTJetsSemiLept
0.450496	0.543902	0.623667	0.692993	0.789739	0.879797	0.972585	1.06313	1.13269	1.18977	1.2232	1.23544	1.23509	1.22071	1.20515	1.18316	1.1663	1.1502	1.13719	1.12477	1.11676	1.10791	1.09761	1.07952	1.06186	1.03963	1.01164	0.975472	0.93348	0.89238	0.844648	0.792409	0.740981	0.686865	0.630842	0.579584	0.523895	0.472393	0.427305	0.380104	0.336142	0.295602	0.257445	0.224736	0.196123	0.16722	0.14336	0.121122	0.102251	0.087045	0.0722231	0.060091	0.0503213	0.0412502	0.0340985	0.0278571	0.0225968	0.0190431	0.0147257	0.0121263	0.0100311	0.00788862	0.00637989	0.00508868	0.00419899	0.00317622	0.00273083	0.00221418	0.00198288	0.0015593	0.0014693	0.0011063	0.000813254	0.000849352	0.000839031	0.000599718	0.000911743	0.000507142	0.000491217	0.000531484	0.000259928	0	0.000892731	0.000146669	0.000385872	0	0.000166867	0	0	0	0	0	0	0	0	0	0	0	0	0	
TTJetsFullLept
0.447495	0.510819	0.62175	0.697904	0.789602	0.882234	0.968723	1.06154	1.13354	1.1925	1.22362	1.2321	1.23542	1.22442	1.2055	1.18388	1.16308	1.14804	1.13607	1.12542	1.11777	1.10865	1.09535	1.07944	1.06381	1.0371	1.00651	0.975421	0.935686	0.892084	0.84262	0.794883	0.741462	0.687879	0.635243	0.578058	0.529485	0.474667	0.423981	0.379707	0.336147	0.295824	0.257368	0.224406	0.195748	0.167115	0.14205	0.121025	0.104496	0.0878408	0.0730193	0.0611924	0.0506181	0.0412053	0.0343994	0.0278495	0.0224909	0.0183161	0.0148509	0.0123928	0.00994382	0.00817954	0.00659771	0.00502075	0.0046498	0.00339857	0.00277022	0.00190358	0.00168966	0.00139197	0.00165025	0.000936208	0.00138517	0.000562153	0.000642521	0.000497164	0.000475443	0.00091543	0.000788163	0.000511663	0.000250235	0.000654992	0.00021486	0	0.000185741	0	0	0	0	0	0	0	0	0	0	0	0	0	0	0	
TTJetsHadronic
0.419984	0.541467	0.613185	0.699137	0.789258	0.879293	0.973839	1.06219	1.13337	1.1881	1.22225	1.23574	1.23258	1.22143	1.20323	1.18501	1.16678	1.15077	1.13736	1.12702	1.11806	1.10618	1.09654	1.08036	1.06261	1.03912	1.01027	0.974842	0.935226	0.890609	0.844393	0.791773	0.741603	0.687002	0.632041	0.577869	0.525436	0.475289	0.425536	0.378937	0.336025	0.29565	0.25801	0.225518	0.19525	0.167954	0.142399	0.12099	0.102684	0.086582	0.0719791	0.0603526	0.0496126	0.0418698	0.0337091	0.0276921	0.02245	0.0182695	0.015074	0.0122255	0.00988242	0.00771647	0.00638076	0.00521893	0.00431551	0.00332168	0.00277809	0.00223733	0.0019025	0.0014706	0.00118924	0.00109087	0.00105223	0.000898616	0.000712262	0.000797787	0.000661207	0.000670055	0.000513802	0.000485167	0.000580009	0.000379546	0.000373511	0.000981841	0.000215261	0.000424788	0	0.000183383	0.000120227	0	0	0	0	0	0	0	0	0	0	0	
T-W
1.01974	0.519487	0.600294	0.686013	0.753495	0.861187	0.963637	1.06292	1.14694	1.16756	1.20227	1.21115	1.22308	1.21508	1.2043	1.20115	1.18208	1.15594	1.14518	1.1365	1.10841	1.09519	1.09925	1.09532	1.0642	1.03933	1.00866	0.964958	0.94778	0.89091	0.836701	0.789914	0.735898	0.685763	0.648704	0.566752	0.522029	0.47714	0.427207	0.385326	0.330379	0.29572	0.259883	0.221721	0.190624	0.163848	0.143451	0.123691	0.108362	0.0841169	0.0688238	0.068557	0.0550615	0.043084	0.0352293	0.0318115	0.0221409	0.0155084	0.0126824	0.0114102	0.00950635	0.01063	0.00532676	0.00757973	0.00572024	0.00349858	0.00308619	0.00154153	0.00259022	0.00158599	0.00129909	0.00080164	0	0	0.000585661	0	0	0	0	0	0	0	0	0	0	0	0	0	0	0	0	0	0	0	0	0	0	0	0	0	
Tbar-W
0.404453	0.566615	0.583444	0.717254	0.763772	0.91091	0.941376	1.02819	1.14934	1.19371	1.2151	1.24538	1.25648	1.23039	1.2073	1.17794	1.1715	1.14839	1.13662	1.13178	1.12446	1.10574	1.08855	1.075	1.05153	1.03577	1.00868	0.972815	0.92856	0.903439	0.852163	0.799767	0.743476	0.695754	0.623894	0.574342	0.513965	0.478648	0.421203	0.368743	0.332993	0.290032	0.260786	0.226421	0.199027	0.160154	0.144348	0.126694	0.0994242	0.0919317	0.0702966	0.0661278	0.0502786	0.0391605	0.0332687	0.0302049	0.0267108	0.0163617	0.0152385	0.0125323	0.0106044	0.00771244	0.00528183	0.00481011	0.00460849	0.00346907	0.00306016	0.00168138	0.00102735	0.00314521	0.00077288	0.00119232	0	0.000923787	0	0.000367646	0	0	0	0	0	0	0	0	0	0	0	0	0	0	0	0	0	0	0	0	0	0	0	0	
T-s
0.426142	0.514655	0.674868	0.662254	0.775053	0.889283	0.977983	1.06754	1.11566	1.17961	1.20805	1.23967	1.25178	1.21909	1.19837	1.1755	1.17332	1.15045	1.13719	1.12947	1.10535	1.10252	1.09857	1.0878	1.06718	1.04106	1.01416	0.984366	0.94229	0.873649	0.84288	0.776911	0.745064	0.697778	0.63847	0.582439	0.515755	0.471494	0.433332	0.371981	0.34153	0.287375	0.267489	0.224906	0.18873	0.168524	0.14783	0.129484	0.109483	0.0846208	0.0697457	0.0670197	0.0526772	0.0396736	0.0302133	0.0282316	0.0231314	0.0207201	0.0128748	0.0119206	0.00893848	0.0111056	0.00571965	0.00351948	0.007769	0.00475163	0.00145092	0.00110722	0.0027061	0.00165694	0.00203582	0.000314064	0.000779456	0	0	0	0	0	0	0	2.16631e-05	0	0	0	0	0	0	0	0	0	0	0	0	0	0	0	0	0	0	0	
Tbar-s
0	0.618173	0.539205	0.677273	0.772375	0.877145	0.955364	1.05481	1.08668	1.1814	1.20043	1.24685	1.21212	1.2294	1.2088	1.19041	1.17728	1.16955	1.13984	1.11542	1.10279	1.09803	1.09586	1.08313	1.04391	1.03672	0.99989	0.980444	0.954827	0.896532	0.836977	0.793976	0.750275	0.673454	0.644663	0.598005	0.526866	0.487279	0.419228	0.388318	0.336333	0.283916	0.268977	0.221223	0.197311	0.172988	0.155952	0.120206	0.0926036	0.0859331	0.0860017	0.0670629	0.0548775	0.0383042	0.0298621	0.0266736	0.0267415	0.0193381	0.0282626	0.0177745	0.0103133	0.0128137	0.00615941	0.00682213	0.00697193	0.0127924	0.00390618	0	0	0.000892166	0.00109617	0.000676421	0.000209846	0	8.23631e-05	0.000104286	0	0	0	0	0	0	0	0	0	0	0	0	0	0	0	0	0	0	0	0	0	0	0	0	
T-t
0.452992	0.532763	0.618606	0.692607	0.795183	0.870258	0.978812	1.0581	1.13857	1.1847	1.21895	1.23628	1.23382	1.22243	1.20075	1.18597	1.16304	1.15108	1.14354	1.12727	1.11513	1.10384	1.09199	1.08384	1.06418	1.04027	1.01011	0.976705	0.932286	0.888825	0.844001	0.792936	0.739257	0.685626	0.630566	0.579666	0.530568	0.476705	0.427704	0.378417	0.335515	0.298647	0.256352	0.225392	0.196842	0.166849	0.144653	0.119689	0.103466	0.0871942	0.0706922	0.0602155	0.0497817	0.0405782	0.0347565	0.0273466	0.0245345	0.0183038	0.0143803	0.0132283	0.00964348	0.0084501	0.00676541	0.00448948	0.00401127	0.00390306	0.00317815	0.00237139	0.00159681	0.00199618	0.00122631	0.00139704	0.000939042	0.000639603	0.000402074	0.00093334	0.000255018	0.000286427	0	0.000480279	0	0	0	0	0	0	0	0	0	0	0	0	0	0	0	0	0	0	0	0	
Tbar-t
0.440566	0.524043	0.668833	0.721346	0.778223	0.881529	0.978564	1.05463	1.14464	1.18799	1.23493	1.23914	1.23776	1.22037	1.19853	1.18783	1.16087	1.14773	1.14284	1.13084	1.11297	1.10172	1.09543	1.07764	1.05751	1.0393	1.00482	0.968604	0.938472	0.894205	0.844421	0.792233	0.742398	0.692838	0.635849	0.578244	0.523105	0.474755	0.425406	0.379672	0.340411	0.293739	0.260354	0.225233	0.193172	0.165802	0.14531	0.119761	0.103961	0.0893882	0.0742373	0.0579445	0.0495712	0.0433393	0.034246	0.0269941	0.0225662	0.0191412	0.0154387	0.0123336	0.0106173	0.00696628	0.0070308	0.00535867	0.00481917	0.00384453	0.00234787	0.00299701	0.00212036	0.00154172	0.00137764	0.0023378	0.000967006	0.000603762	0.00227726	0.000480567	0.000919141	0.000589912	0	0	0	0	0	0	0	0	0	0	0	0	0	0	0	0	0	0	0	0	0	0	
WW
0.473794	0.528683	0.609922	0.696798	0.786642	0.875223	0.977724	1.05765	1.13447	1.18515	1.22356	1.23615	1.23374	1.22229	1.2039	1.18684	1.16497	1.15154	1.1367	1.12692	1.11798	1.10833	1.09619	1.0813	1.06061	1.03862	1.00716	0.976714	0.935849	0.890906	0.843234	0.792931	0.742737	0.686594	0.630574	0.576775	0.525381	0.475117	0.42662	0.377791	0.334356	0.296462	0.258515	0.225086	0.194642	0.167921	0.143556	0.122536	0.102413	0.0871136	0.0719637	0.0598053	0.0500911	0.0411702	0.0345716	0.028197	0.0229616	0.0181075	0.0154775	0.0123939	0.00989034	0.00835502	0.00591123	0.00490349	0.00394281	0.00321814	0.00250293	0.00194713	0.00182633	0.00169975	0.00142392	0.00130613	0.000908632	0.00117009	0.000692285	0.000745069	0.000678587	0.000381083	0.000984308	0.001278	0.000208339	0	0.000357774	0	0	0	0	0	0	0	0	0	0	0	0	0	0	0	0	0	
WZ
0.468372	0.547322	0.616049	0.703176	0.797823	0.874259	0.967162	1.06745	1.12276	1.19187	1.22287	1.23473	1.23199	1.22349	1.20836	1.18311	1.16453	1.14966	1.1372	1.12611	1.11651	1.10479	1.09709	1.08082	1.05971	1.04028	1.00937	0.977081	0.935264	0.889865	0.846386	0.792505	0.740435	0.687692	0.632161	0.578479	0.527594	0.476084	0.425747	0.379731	0.336875	0.297507	0.258658	0.224596	0.194267	0.169329	0.142175	0.121649	0.102242	0.0853922	0.0733663	0.0597318	0.0497244	0.0413843	0.0336087	0.0284508	0.0224922	0.0187461	0.0148219	0.0116093	0.00998593	0.00800025	0.00654622	0.00504554	0.00401695	0.00346189	0.00234515	0.0023996	0.00189272	0.00137075	0.00128385	0.00107391	0.00107087	0.000693375	0.000735542	0.000931323	0.000431822	0.000609723	0.000393718	0.00127798	0	0.000545323	0.000178884	0	0	0	0	0	2.879e-05	0	0	0	0	0	0	0	0	0	0	0	
ZZ
0.37534	0.535335	0.616749	0.71728	0.789519	0.8881	0.975242	1.05557	1.13151	1.18548	1.22103	1.23963	1.23102	1.2212	1.20669	1.18256	1.16663	1.14694	1.13882	1.12778	1.11431	1.10519	1.09649	1.07863	1.06064	1.04308	1.0099	0.975096	0.936599	0.893187	0.844856	0.794728	0.739312	0.689313	0.633461	0.579302	0.526502	0.475416	0.424748	0.379346	0.334026	0.296233	0.257712	0.224008	0.195197	0.166775	0.143577	0.122006	0.102699	0.0863894	0.0725777	0.0613436	0.0505757	0.0415963	0.0335359	0.0278024	0.0230304	0.0182631	0.0144109	0.0119746	0.00935998	0.00754784	0.00629029	0.00470112	0.00379369	0.00391103	0.00276243	0.00238511	0.00202007	0.0013013	0.00114545	0.000910727	0.000947859	0.000733841	0.000720804	0.000608441	0.000517207	0.000597506	0.000964572	0.000417457	0.000816647	0.000267198	0	0.000230404	0	0	0	0	0	0	0	0	0	0	0	0	0	0	0	0	
QCD100
0.452008	0.524046	0.618169	0.701448	0.786212	0.880207	0.973247	1.05801	1.13357	1.18774	1.2215	1.23675	1.23246	1.22167	1.20421	1.18438	1.16582	1.15146	1.13886	1.12759	1.116	1.10607	1.09491	1.08105	1.06136	1.03917	1.0102	0.975337	0.935512	0.89115	0.844229	0.794107	0.740471	0.686279	0.632615	0.579128	0.526549	0.475058	0.425103	0.379279	0.33649	0.295437	0.258299	0.225185	0.194199	0.16731	0.142805	0.122022	0.102261	0.0863879	0.0723709	0.0600014	0.050202	0.0415293	0.034049	0.027591	0.0228923	0.0183379	0.0153076	0.0118984	0.0098307	0.00793555	0.00652632	0.00520503	0.00426333	0.00344725	0.00272432	0.00209838	0.00178099	0.00159359	0.00117891	0.00103525	0.00104379	0.000769225	0.00089385	0.000746967	0.000580757	0.000492972	0.00061676	0.000640625	0.00083548	0.00054672	0.000298905	0.00117859	0.000155037	0.000254954	0.000335222	0	0	0	0	0	0	0	0	0	0	0	0	0	
QCD250
0.465984	0.543822	0.606378	0.692444	0.790336	0.881381	0.973009	1.05942	1.13241	1.19071	1.22405	1.23537	1.23334	1.22206	1.20409	1.18279	1.1675	1.15189	1.13678	1.12719	1.11635	1.10691	1.09455	1.08167	1.06294	1.03833	1.00774	0.974593	0.93629	0.891924	0.843757	0.793262	0.740326	0.686936	0.633278	0.578121	0.524557	0.474119	0.426417	0.379736	0.337475	0.294982	0.258096	0.224558	0.194338	0.167598	0.14335	0.121571	0.102922	0.087228	0.0720533	0.0602188	0.0500874	0.0418368	0.0344246	0.0280673	0.0223615	0.0179863	0.0146735	0.0122697	0.00971633	0.00798041	0.00617014	0.00520919	0.0043019	0.00349821	0.0026733	0.0023463	0.00207137	0.00158246	0.00125402	0.00125747	0.00105379	0.000767604	0.000707724	0.00087662	0.000584283	0.00103124	0.000761037	0.000691675	0.000250571	0	0.000484085	0.000636251	0.000418479	0	0	0	0	0	0	0	0	0	0	0	0	0	0	0	
QCD500
0.43167	0.531552	0.622556	0.699332	0.792117	0.87968	0.972564	1.05956	1.13125	1.18845	1.22192	1.23523	1.23666	1.2198	1.20431	1.18648	1.16605	1.15309	1.13832	1.1259	1.1158	1.10727	1.09517	1.08012	1.0631	1.03817	1.00869	0.975737	0.935724	0.891073	0.844653	0.793613	0.740441	0.686227	0.631844	0.578474	0.526492	0.473482	0.42452	0.378568	0.335872	0.295379	0.257387	0.226297	0.194243	0.167371	0.142945	0.121957	0.102111	0.0870517	0.0727628	0.0603046	0.0497425	0.0409799	0.0339785	0.0280746	0.0227622	0.0185305	0.0150102	0.0122367	0.00976902	0.00810922	0.00637475	0.00535692	0.00403917	0.00336118	0.0028607	0.00230668	0.00204185	0.00159211	0.00141793	0.00114628	0.00106683	0.000830199	0.000766176	0.000518127	0.00053831	0.000777357	0.000401571	0.000488801	0.000318738	0.000417151	0.000364905	0	0	0	0.000204621	0	0	0	0	2.44907e-05	0	0	0	0	0	0	0	0	
QCD1000
0.515764	0.552719	0.61241	0.701284	0.791831	0.879099	0.974379	1.06127	1.13284	1.19059	1.22073	1.23604	1.23154	1.2237	1.20254	1.18404	1.16813	1.149	1.13725	1.12779	1.11559	1.1074	1.09467	1.08299	1.0628	1.0403	1.00738	0.973844	0.933619	0.891293	0.8447	0.794519	0.739783	0.686667	0.633616	0.578043	0.527009	0.474471	0.424927	0.377935	0.335932	0.297999	0.257987	0.225514	0.195025	0.166454	0.143407	0.122713	0.102471	0.0857413	0.0721954	0.0596165	0.0508591	0.0408061	0.0346738	0.0284997	0.023016	0.0182036	0.0149911	0.0121174	0.0102001	0.00797768	0.00645778	0.0049107	0.0044679	0.00339198	0.00316667	0.00202449	0.00192146	0.00173016	0.00121814	0.000892001	0.00129715	0.000836018	0.000626613	0.00103142	0.000469693	0.000324642	0.000681302	0.000252738	0.00115364	0	0	0.00032548	0.000214077	0	0	0	0	0	0	0	0	0	0	0	0	0	0	0	
