EWKZ
0.433388	0.53607	0.617185	0.693999	0.778792	0.891423	0.964987	1.06463	1.13592	1.18615	1.22217	1.23756	1.23659	1.22373	1.2079	1.18335	1.16975	1.14811	1.1436	1.12758	1.11429	1.1083	1.10216	1.08393	1.06656	1.03648	1.00733	0.973364	0.935223	0.889574	0.841909	0.792699	0.736651	0.678523	0.621727	0.57311	0.523159	0.465186	0.423859	0.377986	0.334289	0.288311	0.252105	0.220238	0.193429	0.165469	0.143253	0.120687	0.10102	0.0847622	0.0729411	0.0616326	0.0500386	0.0408678	0.0340669	0.0276039	0.0231403	0.0171722	0.0148588	0.0122705	0.0104283	0.00773863	0.00689197	0.00524123	0.00420515	0.00343167	0.00277291	0.00243831	0.00156788	0.00170376	0.00135615	0.00089028	0.00221239	0.00092208	0.00116076	0.000735741	0.00140876	0.000452537	0.000584962	0	0	0	0	0	0	0	0	0	0	0	0	0	0	0	0	0	0	0	0	0	
EWKZRD
1.04968	0.846323	0.857751	0.933439	0.873636	0.892555	0.892737	0.884561	0.882424	0.879154	0.877911	0.880274	0.885267	0.896106	0.907806	0.919572	0.940433	0.955392	0.968434	0.987542	1.00603	1.0173	1.03239	1.04836	1.06198	1.07357	1.08941	1.10774	1.1238	1.13682	1.15433	1.1774	1.19011	1.21531	1.22962	1.25519	1.27886	1.32742	1.34607	1.3457	1.38998	1.4514	1.41725	1.41829	1.43812	1.50475	1.51228	1.44424	1.46325	1.8967	1.45569	1.77041	2.23253	1.44236	1.41484	2.09672	1.04865	2.00716	1.27117	2.39852	1.49901	1.86294	0.575895	0	0.435045	0	0	0	0	0	0	0	0	0	0	0	0	0	0	0	0	0	0	0	0	0	0	0	0	0	0	0	0	0	0	0	0	0	0	0	
DY
0.430113	0.527659	0.627473	0.699217	0.790541	0.88504	0.972775	1.06355	1.13928	1.18815	1.22592	1.23841	1.23478	1.2233	1.2067	1.18781	1.16759	1.1511	1.13916	1.12715	1.11697	1.10867	1.09497	1.08071	1.06221	1.03783	1.00857	0.97474	0.933991	0.889378	0.839688	0.792514	0.740189	0.68334	0.62709	0.574512	0.520903	0.470668	0.422709	0.375061	0.331246	0.292831	0.256607	0.222161	0.190749	0.164792	0.141159	0.119449	0.101019	0.0853146	0.0700423	0.0591891	0.0487866	0.040647	0.0331179	0.0275165	0.0224576	0.0182107	0.0147317	0.0121606	0.00986182	0.00781959	0.00614738	0.00522506	0.00409905	0.0034735	0.00272024	0.00224675	0.00178141	0.00145185	0.00128125	0.00104791	0.000887188	0.000912476	0.000671862	0.00077829	0.00090035	0.000420683	0.000598165	0.00129541	0.000281761	0.000553447	0.000544903	0	0.00047138	0	0	0	0	5.7465e-05	0	0	1.58525e-05	0	0	0	0	0	0	0	
DYRD
1.00474	0.871697	0.903477	0.899175	0.899532	0.897626	0.894936	0.886995	0.885683	0.880856	0.88153	0.885607	0.892171	0.900266	0.912316	0.925709	0.941536	0.957605	0.973171	0.987729	1.00226	1.01673	1.03145	1.04571	1.05833	1.0704	1.08467	1.10266	1.11552	1.12792	1.15005	1.16427	1.18264	1.20735	1.22186	1.2432	1.26721	1.28578	1.30822	1.33306	1.35726	1.38132	1.38812	1.41355	1.42505	1.45155	1.46867	1.44243	1.49241	1.49156	1.50289	1.57863	1.63672	1.54712	1.54617	1.4864	1.56475	1.71936	1.96001	1.76109	2.20125	3.19163	1.69137	7.28881	1.49066	2.73706	0	0	0.625261	0	0	0	0	0	0	0	0	0	0	0	0	0	0	0	0	0	0	0	0	0	0	0	0	0	0	0	0	0	0	0	
DY0
0.433642	0.523362	0.628325	0.696426	0.788668	0.882185	0.972841	1.06431	1.1401	1.18907	1.22471	1.23793	1.23569	1.22364	1.20806	1.18865	1.16786	1.15258	1.13907	1.1287	1.11609	1.10729	1.09489	1.08044	1.06274	1.03732	1.0083	0.974546	0.933575	0.889413	0.839406	0.792343	0.739834	0.683765	0.626999	0.574324	0.520215	0.470016	0.422756	0.375306	0.330659	0.293462	0.25682	0.221901	0.190404	0.164301	0.140551	0.119212	0.101005	0.0852919	0.0698983	0.0591789	0.0486541	0.0407914	0.0334231	0.0273226	0.0225047	0.0179645	0.0148004	0.012233	0.00986878	0.007709	0.00630695	0.00522573	0.00423991	0.00343751	0.002763	0.00222073	0.00173968	0.0013933	0.00128225	0.000984758	0.000779308	0.000870739	0.000677868	0.000742147	0.00104209	0.000514999	0.000540884	0.00140564	0.000305735	0.000400359	0.000394178	0	0.000340992	0	0	0	0	0	0	0	1.14676e-05	0	0	0	0	0	0	0	
DY1
0.414194	0.532982	0.623172	0.699289	0.79262	0.887189	0.975767	1.06237	1.13628	1.19238	1.22376	1.23908	1.23721	1.22099	1.20548	1.187	1.16775	1.1504	1.13916	1.12905	1.1182	1.10759	1.09609	1.08134	1.06199	1.03808	1.00842	0.972153	0.935062	0.889016	0.842644	0.78998	0.738418	0.683673	0.627565	0.575909	0.519231	0.471519	0.420437	0.375725	0.332476	0.292555	0.255928	0.222605	0.191746	0.164757	0.14079	0.119292	0.100452	0.0848989	0.0704856	0.05983	0.0495163	0.0403895	0.0333242	0.0277013	0.0225122	0.0180608	0.0144136	0.0118753	0.00940046	0.00758148	0.00651784	0.00508756	0.00383731	0.00301357	0.00302208	0.00222928	0.0018697	0.001434	0.00112111	0.00106469	0.000904264	0.000744335	0.000638866	0.000659906	0.000568601	0.000913258	0.000429274	0.000613573	0.00200184	0.000655351	0.000860311	0.000188529	0.000372116	0.000122417	0.00016099	0.000105734	0	0	0	1.92783e-05	0	0	0	0	0	0	0	0	
DY2
0.441799	0.535661	0.615938	0.699866	0.785547	0.880236	0.973483	1.06064	1.1368	1.19202	1.22555	1.23885	1.23692	1.22453	1.20537	1.18682	1.16666	1.15091	1.13894	1.12632	1.11788	1.10727	1.09557	1.08042	1.06269	1.03948	1.01005	0.973383	0.933761	0.886385	0.841426	0.790721	0.74036	0.683303	0.626991	0.576861	0.522315	0.471526	0.422253	0.375899	0.333707	0.291822	0.254125	0.222435	0.191494	0.164441	0.141113	0.119148	0.101027	0.0845061	0.0713795	0.0592015	0.0494297	0.0407418	0.0336515	0.0276296	0.0221802	0.0177912	0.0149117	0.0120166	0.00984832	0.00778394	0.00607156	0.00519803	0.00395602	0.00355735	0.00258107	0.00243653	0.00205772	0.00147837	0.00127166	0.00104499	0.0010144	0.000811736	0.000751361	0.000704017	0.000645926	0.00066397	0.000613048	0.000464676	0.00030321	0.000595579	0	0	0	0.000111252	0	0	0	0	0	0	0	0	0	0	0	0	0	0	
DY3
0.421365	0.551342	0.605905	0.699693	0.792446	0.889163	0.9811	1.06429	1.13375	1.19461	1.22488	1.23777	1.23831	1.22472	1.20498	1.18354	1.16828	1.15273	1.13863	1.12983	1.11525	1.11019	1.09799	1.08128	1.06248	1.03798	1.00721	0.972712	0.933294	0.886324	0.839601	0.792204	0.736407	0.683436	0.628879	0.573536	0.521239	0.471597	0.42223	0.374156	0.331817	0.293825	0.256053	0.221417	0.191475	0.163894	0.141554	0.118354	0.100968	0.0847444	0.0702006	0.0586636	0.0484927	0.041809	0.0342722	0.0279019	0.0220524	0.0180161	0.0150897	0.0120413	0.00968302	0.00790584	0.00649741	0.00475812	0.00434755	0.00333286	0.00256359	0.00232514	0.00154881	0.001429	0.00131165	0.000892827	0.000761073	0.000818375	0.00128776	0.0010203	0.00173656	0.000836751	0.000540804	0.000702715	0.000917071	0.00020015	0	0	0	0	7.37515e-05	0	0	0	0	0	0	0	0	0	0	0	0	0	
DY4
0.42761	0.554423	0.625648	0.69103	0.793465	0.869377	0.968472	1.06231	1.13579	1.19122	1.22781	1.23386	1.23563	1.22313	1.21069	1.18581	1.16764	1.15282	1.13987	1.12783	1.11851	1.10817	1.09525	1.08114	1.06284	1.03869	1.00385	0.970067	0.932958	0.888407	0.842026	0.791629	0.738623	0.684034	0.629731	0.576136	0.520618	0.471441	0.425004	0.375286	0.329204	0.292532	0.25786	0.221644	0.194444	0.16377	0.140581	0.119164	0.100954	0.0835391	0.0734485	0.0589262	0.0497881	0.0410319	0.0336771	0.0271879	0.0218231	0.0175357	0.0144441	0.0124438	0.00999726	0.00777127	0.00678156	0.00517634	0.00427302	0.00348705	0.00300569	0.00210676	0.00158358	0.00175152	0.00123891	0.000874825	0.000905827	0.000849443	0.000748522	0.00118612	0.000504695	0.000648492	0.000628695	0.00040846	0	0.000349017	0	0	0	0	0	0	0	0	7.8852e-06	0	0	0	0	0	0	0	0	0	
WJets
0.431776	0.522569	0.610109	0.703268	0.786374	0.884677	0.975031	1.06273	1.13693	1.19	1.22417	1.23906	1.23539	1.22329	1.20505	1.18602	1.1674	1.1525	1.13878	1.12666	1.11685	1.10765	1.09687	1.08221	1.0623	1.03738	1.00891	0.973787	0.934029	0.88979	0.842614	0.790696	0.736882	0.683989	0.628599	0.574236	0.522458	0.471007	0.421929	0.374894	0.332733	0.291882	0.255649	0.221432	0.19238	0.164906	0.140666	0.120343	0.100997	0.0850232	0.0710289	0.0590774	0.049085	0.0407149	0.0335328	0.0273633	0.0223195	0.0181751	0.0145446	0.0118293	0.00965434	0.00785852	0.00656299	0.00525694	0.00416772	0.0032351	0.00283509	0.00230577	0.00186269	0.00164297	0.00143621	0.00116445	0.00091198	0.000900728	0.000591805	0.000619752	0.000634732	0.000584499	0.000566655	0.000525932	0.000480453	0.00039322	0.000412959	0.00045248	9.92331e-05	0.000117523	0	0	0	0	0	0	0	0	0	0	0	0	0	0	
W0Jets
0.422456	0.526527	0.609864	0.705244	0.7864	0.88439	0.976274	1.06295	1.13601	1.19088	1.22398	1.23888	1.23534	1.22377	1.20451	1.18511	1.16743	1.15198	1.13935	1.12743	1.11661	1.10821	1.09682	1.08276	1.0619	1.03701	1.0089	0.974107	0.933319	0.889416	0.842927	0.79087	0.736946	0.683665	0.628778	0.574382	0.522442	0.470639	0.422598	0.374982	0.332183	0.291931	0.255706	0.22116	0.19244	0.164841	0.140992	0.120315	0.101012	0.0850965	0.0713745	0.0591691	0.0490618	0.0407664	0.0335227	0.0272978	0.0221839	0.0180927	0.0145267	0.0117423	0.00955081	0.00774726	0.00635485	0.00519389	0.00429082	0.00324463	0.00288258	0.00225486	0.00183988	0.00169351	0.00143224	0.0011599	0.000850311	0.000916532	0.000563922	0.000558108	0.000700143	0.000543525	0.000702576	0.000497956	0.000397132	0.000390032	0.000512014	0.000336608	9.49133e-05	0.000109285	0	0	0	0	0	0	0	0	0	0	0	0	0	0	
W1Jets
0.442608	0.527409	0.611213	0.699551	0.785038	0.881326	0.975863	1.06205	1.13174	1.19168	1.22249	1.2388	1.23615	1.22363	1.20704	1.18609	1.16835	1.15287	1.13928	1.12606	1.1193	1.10449	1.09497	1.08129	1.0624	1.03715	1.00943	0.974377	0.932499	0.889233	0.8419	0.790505	0.73793	0.68622	0.629842	0.574452	0.523753	0.471055	0.421573	0.375392	0.332343	0.292876	0.255955	0.223223	0.191175	0.16503	0.140873	0.119136	0.100567	0.0844204	0.0713066	0.0593649	0.0478502	0.040243	0.0338431	0.0273407	0.0222415	0.0178403	0.014884	0.0119848	0.0095102	0.00776794	0.00684055	0.00508988	0.00418946	0.00363553	0.00288213	0.0023679	0.00184129	0.00153264	0.00146812	0.00134957	0.00096834	0.000842779	0.000932886	0.000612424	0.000684041	0.000585958	0.000454456	0.000369072	0.00192661	0.000315361	0.00082798	0.000272166	0.000358131	0.000235633	0	0.00010176	0	0	0	0	0	0	0	0	0	0	0	0	
W2Jets
0.413363	0.533166	0.627811	0.701164	0.788175	0.882293	0.977617	1.0644	1.13543	1.18954	1.22328	1.23711	1.23492	1.22335	1.20618	1.1857	1.16776	1.15182	1.13765	1.12801	1.1184	1.10813	1.09609	1.08088	1.06101	1.0378	1.00858	0.974268	0.933616	0.889548	0.842204	0.791734	0.738644	0.684479	0.629391	0.573499	0.523434	0.470016	0.421087	0.375716	0.330357	0.293255	0.256118	0.221945	0.192676	0.165033	0.140473	0.120332	0.101432	0.085213	0.0706736	0.0596314	0.0494527	0.0407248	0.0331486	0.0269349	0.0220909	0.0182195	0.0144039	0.0120814	0.00949703	0.00801725	0.00643872	0.00482909	0.00435408	0.00330717	0.0026759	0.00227404	0.00193278	0.00136479	0.00122456	0.00107927	0.00100208	0.000966251	0.000815515	0.000541526	0.000414755	0.000621748	0.000463667	0.000559449	0.000511072	0.000239017	0.000274548	0.000721974	0	0	0.000205504	0	8.84974e-05	0	0	0	0	0	0	0	0	0	0	0	
W3Jets
0.416713	0.544483	0.614236	0.706184	0.782997	0.878768	0.975259	1.0667	1.1294	1.19003	1.22648	1.2381	1.23409	1.22387	1.20518	1.1859	1.16846	1.15409	1.13994	1.12722	1.11937	1.10855	1.09739	1.08091	1.05861	1.0396	1.0067	0.971364	0.933637	0.890755	0.842523	0.790184	0.736794	0.68433	0.62833	0.573995	0.524087	0.47079	0.422047	0.374939	0.331278	0.292639	0.255239	0.222029	0.190393	0.164915	0.140553	0.119743	0.100923	0.0857102	0.072172	0.0592312	0.049298	0.0407402	0.0334114	0.0272194	0.0226052	0.0180176	0.0147427	0.0119084	0.0097046	0.00764135	0.00637713	0.0051153	0.0041439	0.00341542	0.002979	0.00253227	0.00196774	0.00169723	0.00114527	0.000971793	0.00082328	0.000913159	0.000809893	0.000564683	0.00080091	0.000514552	0.000997687	0.000648192	0.000422958	0.000415396	0.000272655	0	0	0.000155189	0	0	0	0	0	0	0	0	0	0	0	0	0	0	
W4Jets
0.419382	0.532431	0.608119	0.708201	0.786643	0.878736	0.972417	1.06349	1.14066	1.19061	1.22301	1.23871	1.23463	1.22238	1.20652	1.18529	1.16889	1.1512	1.13934	1.12807	1.11652	1.10808	1.09627	1.08049	1.06009	1.03781	1.00669	0.973924	0.934869	0.886344	0.84316	0.792023	0.737023	0.683313	0.63173	0.575881	0.522102	0.471202	0.421045	0.376434	0.334164	0.291368	0.255402	0.222499	0.192091	0.166577	0.139254	0.120042	0.100892	0.0865193	0.0711121	0.0597818	0.0488917	0.0406038	0.0339221	0.0268863	0.023016	0.0181426	0.0150292	0.0120566	0.0098404	0.00776907	0.0064541	0.00519045	0.00418056	0.00351635	0.00251723	0.00211863	0.00200528	0.00136913	0.00159354	0.00136165	0.000969742	0.000801818	0.00104301	0.000521928	0.000452093	0.00135544	0.000525624	0.000569158	0.00027854	0.000729494	0	0	0	0	0	0	0	0	0	0	0	0	0	0	0	0	0	0	
TTJetsSemiLept
0.447827	0.543873	0.624376	0.694029	0.791031	0.881293	0.974267	1.06498	1.13467	1.19184	1.22531	1.23755	1.23717	1.22272	1.20708	1.18498	1.16801	1.15178	1.13861	1.12602	1.1178	1.1087	1.09812	1.0797	1.06168	1.03906	1.01065	0.974066	0.931656	0.890143	0.84203	0.789455	0.737729	0.683375	0.627184	0.575793	0.520072	0.468579	0.423521	0.376438	0.332635	0.292285	0.254357	0.221869	0.193474	0.164842	0.141221	0.119235	0.100595	0.0855843	0.0709726	0.0590215	0.0494042	0.0404832	0.0334541	0.0273241	0.0221607	0.0186739	0.0144401	0.0118921	0.00983916	0.00773975	0.00626185	0.00499696	0.00412575	0.00312304	0.00268732	0.00218094	0.00195514	0.00153923	0.00145214	0.00109477	0.000805816	0.000842672	0.000833481	0.000596466	0.000907812	0.000505468	0.000490037	0.000530624	0.000259682	0	0.000892806	0.000146737	0.000386171	0	0.00016707	0	0	0	0	0	0	0	0	0	0	0	0	0	
TTJetsFullLept
0.444844	0.510791	0.622457	0.698947	0.790893	0.883733	0.970399	1.06339	1.13552	1.19458	1.22573	1.23421	1.2375	1.22644	1.20743	1.1857	1.16478	1.14961	1.13749	1.12666	1.11881	1.10944	1.09586	1.07963	1.06364	1.03653	1.00554	0.974015	0.933858	0.889848	0.840008	0.79192	0.738208	0.684385	0.63156	0.574277	0.525621	0.470836	0.420226	0.376045	0.33264	0.292505	0.25428	0.221543	0.193105	0.164738	0.139931	0.11914	0.102803	0.0863668	0.071755	0.0601033	0.0496956	0.0404391	0.0337493	0.0273166	0.0220569	0.017961	0.0145629	0.0121534	0.00975351	0.00802519	0.00647565	0.00493025	0.0045687	0.00334167	0.00272608	0.001875	0.00166602	0.00137405	0.00163098	0.000926447	0.00137251	0.000557731	0.000638271	0.000494469	0.000473393	0.000912408	0.00078627	0.000510835	0.000249997	0.000654741	0.000214878	0	0.000185885	0	0	0	0	0	0	0	0	0	0	0	0	0	0	0	
TTJetsHadronic
0.417496	0.541438	0.613882	0.700182	0.790549	0.880787	0.975524	1.06404	1.13534	1.19016	1.22436	1.23786	1.23466	1.22344	1.20516	1.18684	1.16849	1.15234	1.13878	1.12827	1.1191	1.10697	1.09705	1.08054	1.06243	1.03855	1.00929	0.973437	0.933398	0.888376	0.841776	0.788822	0.738348	0.683512	0.628376	0.57409	0.521601	0.471452	0.421768	0.375283	0.332519	0.292332	0.254915	0.222641	0.192614	0.165565	0.140275	0.119105	0.101021	0.0851291	0.0707328	0.0592785	0.0487084	0.0410913	0.033072	0.0271622	0.0220167	0.0179153	0.0147817	0.0119894	0.00969328	0.00757085	0.00626271	0.00512486	0.00424024	0.00326606	0.00273382	0.00220374	0.00187588	0.00145167	0.00117536	0.00107949	0.0010426	0.000891548	0.000707551	0.000793462	0.000658356	0.000667843	0.000512568	0.000484382	0.00057946	0.0003794	0.000373543	0.000982299	0.000215427	0.000425222	0	0.000183636	0.000120407	0	0	0	0	0	0	0	0	0	0	0	
T-W
1.01369	0.519459	0.600977	0.687038	0.754728	0.862651	0.965304	1.06478	1.14894	1.16959	1.20435	1.21322	1.22513	1.21708	1.20622	1.203	1.18381	1.15752	1.14662	1.13775	1.10944	1.09598	1.09976	1.09551	1.06402	1.03876	1.00768	0.963567	0.945928	0.888677	0.834108	0.786969	0.732668	0.682279	0.644943	0.563046	0.518219	0.473288	0.423423	0.38161	0.326932	0.292402	0.256766	0.218892	0.18805	0.161517	0.141311	0.121765	0.106607	0.0827054	0.0676322	0.0673369	0.054058	0.0422829	0.0345635	0.0312028	0.0217136	0.0152077	0.0124365	0.0111898	0.00932441	0.0104294	0.00522821	0.0074431	0.00562047	0.00344	0.00303702	0.00151839	0.00255399	0.00156557	0.00128392	0.000793281	0	0	0.000581787	0	0	0	0	0	0	0	0	0	0	0	0	0	0	0	0	0	0	0	0	0	0	0	0	0	
Tbar-W
0.402057	0.566585	0.584107	0.718326	0.765021	0.912458	0.943005	1.02999	1.15135	1.19579	1.2172	1.24751	1.25859	1.23241	1.20923	1.17976	1.17322	1.14996	1.13804	1.13303	1.1255	1.10653	1.08905	1.07518	1.05136	1.0352	1.0077	0.971413	0.926746	0.901174	0.849522	0.796786	0.740213	0.692219	0.620276	0.570587	0.510214	0.474784	0.417473	0.365187	0.329519	0.286778	0.257658	0.223532	0.19634	0.157876	0.142195	0.124721	0.0978135	0.090389	0.0690795	0.0649509	0.0493623	0.0384324	0.0326399	0.029627	0.0261953	0.0160445	0.014943	0.0122903	0.0104015	0.0075669	0.00518411	0.0047234	0.00452811	0.00341098	0.0030114	0.00165614	0.00101298	0.00310473	0.000763855	0.00117988	0	0.000916521	0	0.000365653	0	0	0	0	0	0	0	0	0	0	0	0	0	0	0	0	0	0	0	0	0	0	0	0	
T-s
0.423618	0.514627	0.675635	0.663244	0.77632	0.890795	0.979675	1.0694	1.11761	1.18166	1.21014	1.24179	1.25388	1.2211	1.20029	1.17731	1.17503	1.15203	1.13861	1.13072	1.10638	1.10331	1.09908	1.08799	1.067	1.04049	1.01318	0.982947	0.940449	0.871459	0.840268	0.774015	0.741794	0.694233	0.634768	0.57863	0.511991	0.467688	0.429494	0.368393	0.337967	0.284151	0.26428	0.222037	0.186182	0.166127	0.145625	0.127467	0.107709	0.0832008	0.0685382	0.0658269	0.0517172	0.0389359	0.0296424	0.0276914	0.022685	0.0203184	0.0126252	0.0116904	0.00876741	0.010896	0.00561383	0.00345604	0.0076335	0.00467207	0.0014278	0.00109059	0.00266825	0.00163561	0.00201204	0.000310789	0.000772327	0	0	0	0	0	0	0	2.16426e-05	0	0	0	0	0	0	0	0	0	0	0	0	0	0	0	0	0	0	0	
Tbar-s
0	0.61814	0.539818	0.678286	0.773638	0.878635	0.957017	1.05665	1.08857	1.18346	1.20251	1.24898	1.21416	1.23142	1.21074	1.19224	1.179	1.17115	1.14127	1.11665	1.10381	1.09882	1.09636	1.08331	1.04374	1.03616	0.998917	0.97903	0.952961	0.894285	0.834384	0.791017	0.746982	0.670032	0.640925	0.594094	0.52302	0.483346	0.415515	0.384572	0.332824	0.28073	0.26575	0.218401	0.194647	0.170527	0.153626	0.118333	0.0911034	0.0844911	0.0845126	0.0658694	0.0538773	0.0375919	0.0292977	0.0261632	0.0262254	0.0189632	0.0277146	0.0174313	0.0101159	0.0125719	0.00604545	0.00669916	0.00685033	0.0125782	0.00384394	0	0	0.000880682	0.00108337	0.000669368	0.000207927	0	8.18183e-05	0.00010372	0	0	0	0	0	0	0	0	0	0	0	0	0	0	0	0	0	0	0	0	0	0	0	0	
T-t
0.450308	0.532734	0.619309	0.693642	0.796483	0.871736	0.980506	1.05995	1.14056	1.18676	1.22106	1.23839	1.2359	1.22444	1.20267	1.18779	1.16474	1.15266	1.14497	1.12851	1.11617	1.10463	1.0925	1.08402	1.064	1.0397	1.00913	0.975297	0.930464	0.886597	0.841385	0.78998	0.736012	0.682143	0.62691	0.575875	0.526695	0.472857	0.423916	0.374768	0.332014	0.295296	0.253277	0.222516	0.194184	0.164475	0.142495	0.117824	0.10179	0.085731	0.0694682	0.0591438	0.0488744	0.0398237	0.0340997	0.0268233	0.024061	0.0179489	0.0141014	0.0129728	0.00945891	0.00829064	0.00664024	0.00440855	0.00394131	0.0038377	0.0031275	0.00233579	0.00157447	0.00197049	0.00121199	0.00138247	0.000930453	0.000634572	0.000399414	0.000928279	0.000253918	0.000285481	0	0.000479502	0	0	0	0	0	0	0	0	0	0	0	0	0	0	0	0	0	0	0	0	
Tbar-t
0.437956	0.524015	0.669593	0.722424	0.779495	0.883027	0.980257	1.05647	1.14664	1.19006	1.23707	1.24126	1.23985	1.22238	1.20044	1.18966	1.16257	1.1493	1.14427	1.13209	1.114	1.10251	1.09593	1.07782	1.05733	1.03873	1.00384	0.967207	0.936638	0.891963	0.841804	0.78928	0.73914	0.689318	0.632162	0.574462	0.519287	0.470923	0.421639	0.37601	0.336859	0.290443	0.257231	0.222359	0.190564	0.163444	0.143142	0.117896	0.102277	0.0878882	0.072952	0.0569132	0.0486677	0.0425334	0.0335988	0.0264775	0.0221307	0.0187702	0.0151393	0.0120954	0.0104141	0.00683482	0.00690072	0.00526208	0.00473512	0.00378016	0.00231046	0.00295201	0.0020907	0.00152187	0.00136155	0.00231342	0.000958162	0.000599013	0.0022622	0.000477961	0.000915178	0.000587965	0	0	0	0	0	0	0	0	0	0	0	0	0	0	0	0	0	0	0	0	0	0	
WW
0.470986	0.528654	0.610616	0.69784	0.787928	0.87671	0.979416	1.05949	1.13645	1.18721	1.22568	1.23827	1.23582	1.2243	1.20582	1.18866	1.16668	1.15312	1.13812	1.12816	1.11902	1.10912	1.0967	1.08148	1.06043	1.03805	1.00618	0.975306	0.934021	0.888673	0.840621	0.789975	0.739477	0.683105	0.626917	0.573004	0.521547	0.471282	0.422842	0.374147	0.330867	0.293136	0.255414	0.222214	0.192014	0.165532	0.141414	0.120628	0.100754	0.0856519	0.0707177	0.0587409	0.0491782	0.0404047	0.0339182	0.0276575	0.0225185	0.0177565	0.0151774	0.0121546	0.00970105	0.00819735	0.00580186	0.0048151	0.00387405	0.00316425	0.00246305	0.00191789	0.00180078	0.00167787	0.00140729	0.00129251	0.000900321	0.00116088	0.000687706	0.00074103	0.000675662	0.000379825	0.000981944	0.00127593	0.000208142	0	0.000357804	0	0	0	0	0	0	0	0	0	0	0	0	0	0	0	0	0	
WZ
0.465597	0.547293	0.616749	0.704227	0.799127	0.875745	0.968835	1.06931	1.12472	1.19394	1.22499	1.23684	1.23406	1.22551	1.21029	1.18493	1.16624	1.15123	1.13862	1.12735	1.11755	1.10558	1.0976	1.081	1.05953	1.03971	1.00839	0.975672	0.933437	0.887634	0.843763	0.789551	0.737185	0.684199	0.628495	0.574696	0.523743	0.472241	0.421977	0.376068	0.33336	0.294169	0.255555	0.221731	0.191644	0.166921	0.140054	0.119754	0.100586	0.0839593	0.0720961	0.0586688	0.0488181	0.0406148	0.0329735	0.0279064	0.0220581	0.0183827	0.0145344	0.0113851	0.00979481	0.00784928	0.00642511	0.00495459	0.00394689	0.00340392	0.00230778	0.00236357	0.00186624	0.0013531	0.00126885	0.00106272	0.00106108	0.000687922	0.000730677	0.000926273	0.00042996	0.00060771	0.000392772	0.00127591	0	0.000545114	0.000178899	0	0	0	0	0	2.88331e-05	0	0	0	0	0	0	0	0	0	0	0	
ZZ
0.373116	0.535306	0.617451	0.718352	0.79081	0.889609	0.976929	1.05741	1.13348	1.18755	1.22314	1.24175	1.23309	1.22321	1.20862	1.18438	1.16833	1.14851	1.14024	1.12902	1.11535	1.10598	1.097	1.07881	1.06046	1.04251	1.00892	0.97369	0.934769	0.890948	0.842238	0.791765	0.736068	0.685811	0.629788	0.575513	0.522659	0.471578	0.420987	0.375687	0.330541	0.292909	0.25462	0.221149	0.192561	0.164403	0.141435	0.120106	0.101035	0.0849398	0.0713211	0.0602519	0.0496539	0.0408228	0.0329022	0.0272704	0.0225859	0.017909	0.0141315	0.0117433	0.00918084	0.00740541	0.00617391	0.00461637	0.00372752	0.00384554	0.00271841	0.0023493	0.00199181	0.00128455	0.00113208	0.000901231	0.000939189	0.000728069	0.000716036	0.000605142	0.000514977	0.000595534	0.000962255	0.000416781	0.000815873	0.000267096	0	0.000230511	0	0	0	0	0	0	0	0	0	0	0	0	0	0	0	0	
QCD100
0.44933	0.524017	0.618872	0.702496	0.787497	0.881703	0.974931	1.05985	1.13555	1.18981	1.22361	1.23886	1.23454	1.22368	1.20614	1.1862	1.16753	1.15303	1.14029	1.12883	1.11703	1.10686	1.09542	1.08124	1.06118	1.03861	1.00921	0.97393	0.933684	0.888916	0.841613	0.791147	0.737221	0.682792	0.628947	0.575341	0.522706	0.471223	0.421338	0.375621	0.332979	0.292122	0.2552	0.222312	0.191577	0.16493	0.140674	0.120122	0.100604	0.0849383	0.0711178	0.0589335	0.049287	0.0407571	0.0334055	0.027063	0.0224505	0.0179824	0.0150107	0.0116687	0.00964255	0.0077858	0.00640557	0.0051112	0.00418897	0.00338953	0.00268091	0.00206687	0.00175608	0.00157308	0.00116514	0.00102446	0.00103425	0.000763175	0.000887938	0.000742917	0.000578254	0.000491345	0.000615278	0.000639589	0.000834688	0.00054651	0.000298929	0.00117913	0.000155157	0.000255215	0.000335631	0	0	0	0	0	0	0	0	0	0	0	0	0	
QCD250
0.463223	0.543793	0.607067	0.693479	0.791628	0.882879	0.974692	1.06127	1.13439	1.19279	1.22617	1.23749	1.23541	1.22408	1.20602	1.18461	1.16921	1.15347	1.1382	1.12843	1.11738	1.1077	1.09505	1.08186	1.06276	1.03776	1.00676	0.973188	0.934461	0.889688	0.841142	0.790305	0.737077	0.683446	0.629606	0.57434	0.520728	0.470292	0.422641	0.376074	0.333954	0.291673	0.254999	0.221693	0.191714	0.165214	0.141212	0.119677	0.101254	0.0857643	0.0708057	0.0591471	0.0491745	0.0410589	0.033774	0.0275303	0.0219299	0.0176376	0.014389	0.0120328	0.00953037	0.00782982	0.00605599	0.00511529	0.00422687	0.00343964	0.0026307	0.00231107	0.0020424	0.00156209	0.00123938	0.00124436	0.00104415	0.000761566	0.000703043	0.000871867	0.000581764	0.00102784	0.000759209	0.000690555	0.000250334	0	0.000484125	0.000636548	0.000418803	0	0	0	0	0	0	0	0	0	0	0	0	0	0	0	
QCD500
0.429112	0.531524	0.623264	0.700378	0.793412	0.881175	0.974247	1.06141	1.13323	1.19052	1.22403	1.23734	1.23874	1.22181	1.20624	1.18831	1.16776	1.15467	1.13974	1.12714	1.11684	1.10806	1.09568	1.0803	1.06292	1.0376	1.00771	0.97433	0.933896	0.888839	0.842036	0.790655	0.737191	0.68274	0.62818	0.574692	0.522649	0.46966	0.420761	0.374917	0.332368	0.292065	0.254299	0.22341	0.19162	0.16499	0.140813	0.120057	0.100457	0.0855909	0.0715029	0.0592313	0.048836	0.0402179	0.0333363	0.0275373	0.0223229	0.0181713	0.0147191	0.0120004	0.00958205	0.00795619	0.00625681	0.00526035	0.00396872	0.0033049	0.00281511	0.00227205	0.00201328	0.00157162	0.00140137	0.00113433	0.00105707	0.000823669	0.000761108	0.000515318	0.00053599	0.000774791	0.000400607	0.00048801	0.000318436	0.000416991	0.000364936	0	0	0	0.000204871	0	0	0	0	2.4533e-05	0	0	0	0	0	0	0	0	
QCD1000
0.512708	0.552689	0.613107	0.702333	0.793126	0.880593	0.976065	1.06312	1.13481	1.19266	1.22284	1.23816	1.23361	1.22571	1.20446	1.18586	1.16984	1.15057	1.13867	1.12904	1.11662	1.10819	1.09518	1.08317	1.06262	1.03973	1.0064	0.97244	0.931794	0.889059	0.842083	0.791557	0.736536	0.683178	0.629942	0.574263	0.523163	0.470641	0.421164	0.37429	0.332427	0.294656	0.254892	0.222637	0.192392	0.164086	0.141268	0.120801	0.100811	0.0843025	0.0709454	0.0585555	0.0499322	0.0400474	0.0340186	0.0279543	0.0225719	0.0178507	0.0147004	0.0118834	0.0100049	0.00782713	0.00633831	0.00482218	0.00438997	0.00333518	0.00311621	0.00199409	0.00189458	0.00170789	0.00120392	0.000882701	0.00128529	0.000829442	0.000622468	0.00102583	0.000467668	0.00032357	0.000679666	0.000252329	0.00115255	0	0	0.000325632	0.000214243	0	0	0	0	0	0	0	0	0	0	0	0	0	0	0	
