signal
0.896261	0.559283	0.708574	0.75812	0.829046	0.937708	1.03265	1.09842	1.16042	1.22965	1.27467	1.28223	1.28179	1.24979	1.23869	1.21002	1.19044	1.16676	1.14349	1.13676	1.11694	1.10257	1.0698	1.05497	1.03758	1.01415	0.988151	0.943788	0.898088	0.85011	0.814142	0.740554	0.691421	0.634616	0.582907	0.538854	0.473931	0.432744	0.385781	0.341622	0.294449	0.264047	0.224786	0.193121	0.168118	0.148063	0.120619	0.0959478	0.0886197	0.0720096	0	
DY
0.463436	0.563934	0.666618	0.739264	0.832596	0.929207	1.01859	1.11086	1.18698	1.23465	1.27033	1.27943	1.27167	1.25571	1.2345	1.21097	1.18614	1.16513	1.1487	1.13213	1.11729	1.1042	1.08561	1.06639	1.04294	1.01377	0.979969	0.941936	0.897528	0.849802	0.79769	0.748464	0.694897	0.637669	0.581616	0.529566	0.477153	0.428409	0.382286	0.336985	0.295651	0.259609	0.225943	0.194259	0.165618	0.142058	0.120802	0.10147	0.0851721	0.0713854	0	
WJets
0.465229	0.558496	0.648174	0.743549	0.82821	0.92883	1.02095	1.11001	1.18454	1.23658	1.26852	1.28011	1.27229	1.25571	1.23281	1.20915	1.18596	1.16656	1.14833	1.13164	1.11717	1.10318	1.0875	1.06787	1.04303	1.01333	0.980296	0.941017	0.897568	0.850198	0.800472	0.746749	0.691795	0.638277	0.583018	0.529314	0.478579	0.428719	0.381582	0.336837	0.296979	0.258769	0.225101	0.193621	0.167034	0.142157	0.12038	0.102229	0.0851535	0.0711418	0	
TTJets
0.35238	0.569624	0.631466	0.757126	0.80567	0.931905	1.00884	1.11327	1.18052	1.24053	1.27098	1.28668	1.2669	1.25137	1.24303	1.20307	1.19083	1.1752	1.14248	1.13749	1.12194	1.115	1.07777	1.06787	1.03883	1.01179	0.982096	0.946829	0.897514	0.85158	0.792649	0.738425	0.688659	0.633599	0.581959	0.529453	0.483843	0.42574	0.377215	0.336621	0.301819	0.260806	0.219607	0.191386	0.167952	0.141858	0.118867	0.0979745	0.0864892	0.0758015	0	
T-W
1.09245	0.55528	0.638597	0.726532	0.795035	0.905881	1.01096	1.11236	1.19729	1.21561	1.24822	1.25365	1.26198	1.24958	1.23425	1.2267	1.20286	1.17187	1.15645	1.14301	1.10998	1.09177	1.09058	1.0812	1.04493	1.01488	0.979291	0.931323	0.90918	0.849301	0.792546	0.743375	0.687973	0.636806	0.598293	0.519101	0.474789	0.430879	0.383008	0.342937	0.291858	0.25928	0.226128	0.191438	0.163307	0.139263	0.120956	0.103458	0.0899014	0.069216	0	
Tbar-W
0.433238	0.605579	0.620593	0.759523	0.805777	0.958063	0.987484	1.07588	1.19965	1.24268	1.26138	1.28893	1.29628	1.26516	1.23717	1.20285	1.19195	1.16407	1.14766	1.13812	1.12591	1.10215	1.07982	1.061	1.03236	1.01128	0.979187	0.938788	0.890631	0.861135	0.807091	0.752554	0.694969	0.646002	0.575338	0.525986	0.467396	0.432187	0.377578	0.328137	0.29413	0.254261	0.226885	0.195471	0.170484	0.136106	0.121697	0.105956	0.0824755	0.0756368	0	
T-s
0.456444	0.550015	0.717796	0.701241	0.81763	0.935262	1.02582	1.11699	1.16443	1.22793	1.25399	1.28294	1.29135	1.25347	1.22795	1.20029	1.19372	1.16609	1.14817	1.13573	1.10671	1.09887	1.0897	1.07358	1.04766	1.01639	0.984454	0.94988	0.903747	0.832692	0.798252	0.731004	0.696414	0.647844	0.588746	0.53337	0.468996	0.425702	0.388428	0.330999	0.301654	0.251917	0.232703	0.194152	0.161655	0.143211	0.124626	0.108282	0.0908141	0.0696177	0	
Tbar-s
0	0.66082	0.573656	0.717334	0.815022	0.922741	1.00237	1.10396	1.13447	1.23012	1.24641	1.29071	1.25078	1.2644	1.23897	1.21583	1.19808	1.18576	1.15115	1.1219	1.10443	1.09469	1.0873	1.06925	1.02509	1.01242	0.970857	0.946346	0.916014	0.854729	0.792872	0.747259	0.701471	0.625426	0.594615	0.54777	0.479227	0.440071	0.375885	0.345628	0.297142	0.248951	0.234059	0.191024	0.169049	0.147043	0.131508	0.10055	0.0768335	0.0707161	0	
T-t
0.876666	0.612701	0.667547	0.828595	0.759775	0.941355	1.08525	1.08143	1.15221	1.21074	1.24979	1.30625	1.26789	1.26468	1.23392	1.18694	1.19577	1.18077	1.14829	1.12325	1.14007	1.09697	1.08752	1.06631	1.03507	0.989447	0.964333	0.93363	0.903619	0.847373	0.77952	0.771812	0.703776	0.631825	0.606465	0.551665	0.463712	0.427896	0.387714	0.342981	0.291215	0.257251	0.242462	0.203365	0.163277	0.138693	0.118731	0.108319	0.0831544	0.0804475	0	
Tbar-t
0.471887	0.56004	0.711367	0.7638	0.820963	0.927094	1.02642	1.10347	1.19466	1.23664	1.28188	1.28237	1.27688	1.25477	1.22809	1.21286	1.18104	1.16332	1.15386	1.13709	1.11432	1.09806	1.08656	1.06354	1.03815	1.01465	0.975372	0.934657	0.900072	0.852272	0.7997	0.745411	0.693912	0.643248	0.586321	0.529521	0.475673	0.428641	0.381319	0.337838	0.300661	0.257492	0.226493	0.194431	0.165457	0.140896	0.1225	0.10015	0.0862331	0.0735389	0	
WW
0.507474	0.564996	0.648708	0.737805	0.829841	0.920459	1.02553	1.10662	1.18403	1.23368	1.27007	1.27928	1.27272	1.25674	1.2336	1.21184	1.18522	1.16718	1.14765	1.13314	1.11933	1.10464	1.08732	1.06714	1.04119	1.01398	0.977644	0.942478	0.897553	0.849125	0.798573	0.746064	0.694226	0.637448	0.581454	0.528174	0.477741	0.428966	0.382405	0.336163	0.295312	0.259878	0.224892	0.194304	0.166715	0.142696	0.12102	0.102471	0.0849486	0.0716673	0	
WZ
0.500109	0.586453	0.655726	0.744497	0.841262	0.919041	1.01453	1.11716	1.1718	1.2406	1.26938	1.27772	1.27103	1.25789	1.23816	1.20802	1.18484	1.16531	1.14795	1.13218	1.11788	1.10103	1.08813	1.06661	1.04024	1.01567	0.97982	0.942886	0.896881	0.848105	0.801486	0.745677	0.692023	0.638516	0.582982	0.529751	0.479798	0.429843	0.38168	0.337787	0.297584	0.260743	0.225023	0.193874	0.166403	0.143853	0.119863	0.101725	0.0848597	0.0702659	0	
ZZ
0.402019	0.572101	0.655965	0.759487	0.832871	0.933995	1.02292	1.10444	1.18093	1.23401	1.26743	1.28287	1.26991	1.25561	1.23645	1.20746	1.18689	1.16251	1.14979	1.134	1.11566	1.10151	1.08761	1.0645	1.04122	1.01834	0.980296	0.940911	0.898267	0.851294	0.800104	0.74775	0.691021	0.639968	0.584113	0.530484	0.478757	0.429232	0.380725	0.337545	0.295018	0.259675	0.224192	0.193372	0.16719	0.141721	0.121037	0.102027	0.0851848	0.0710711	0	
QCD100
0.484139	0.560039	0.657478	0.742727	0.829386	0.925699	1.02084	1.10699	1.18309	1.23637	1.26793	1.27989	1.27141	1.25609	1.23392	1.20932	1.18608	1.16709	1.14984	1.13382	1.11735	1.10239	1.08605	1.0669	1.04193	1.01452	0.980585	0.941148	0.897229	0.849356	0.799515	0.747169	0.692107	0.637155	0.583336	0.530328	0.478802	0.428912	0.381044	0.337487	0.297196	0.258979	0.224703	0.19439	0.166336	0.142177	0.120387	0.102041	0.0848218	0.0710702	0	
QCD250
0.49911	0.581176	0.644939	0.733196	0.83374	0.926937	1.02059	1.10848	1.18189	1.23947	1.27058	1.27847	1.27231	1.25651	1.23379	1.20771	1.18779	1.16753	1.14774	1.13342	1.1177	1.10323	1.08569	1.06752	1.04348	1.0137	0.978202	0.940434	0.897979	0.850096	0.79907	0.746377	0.691974	0.637768	0.583949	0.529408	0.476993	0.428066	0.382224	0.337895	0.298067	0.258582	0.224527	0.193848	0.166456	0.142422	0.120847	0.101664	0.0853705	0.0717616	0	
QCD500
0.462355	0.568062	0.662144	0.740487	0.835616	0.925144	1.02012	1.10862	1.18068	1.23711	1.26836	1.27832	1.27573	1.25418	1.23402	1.21147	1.18631	1.16875	1.14929	1.13211	1.11715	1.10359	1.0863	1.06597	1.04363	1.01354	0.979125	0.941535	0.897432	0.849283	0.799916	0.746705	0.692079	0.637107	0.582625	0.529729	0.478751	0.427489	0.380522	0.336854	0.29665	0.258929	0.22391	0.195349	0.166373	0.142228	0.120505	0.101986	0.0846977	0.0716162	0	
QCD1000
0.552437	0.590692	0.651364	0.742567	0.835328	0.92455	1.02204	1.11042	1.18235	1.23936	1.26715	1.27918	1.27047	1.2582	1.23222	1.209	1.18844	1.16462	1.14823	1.13404	1.11696	1.10374	1.08583	1.06883	1.04336	1.01564	0.977867	0.939724	0.895428	0.849507	0.799974	0.747569	0.691476	0.637526	0.584269	0.529344	0.479229	0.428389	0.380893	0.336296	0.296708	0.26123	0.224436	0.194677	0.167046	0.141451	0.120897	0.10262	0.0849978	0.0705394	0	
