signal
0.85706	0.565093	0.704531	0.758919	0.818896	0.939811	1.0332	1.09942	1.16104	1.22989	1.27596	1.28045	1.27788	1.25106	1.23822	1.21296	1.18676	1.16501	1.14378	1.13502	1.11945	1.10384	1.07144	1.05458	1.0354	1.01706	0.984877	0.945164	0.895594	0.850279	0.812219	0.74079	0.691606	0.636298	0.584447	0.541202	0.47482	0.431252	0.386653	0.343349	0.295415	0.264479	0.225707	0.194712	0.168566	0.148759	0.121233	0.0954917	0.0883892	0.0716435	0	
DY
0.467516	0.562432	0.662127	0.7411	0.833275	0.931667	1.02037	1.10733	1.18657	1.23555	1.27099	1.27797	1.27205	1.2557	1.23418	1.21152	1.18667	1.16475	1.14858	1.1313	1.11672	1.10376	1.08454	1.06601	1.04274	1.01402	0.980745	0.942876	0.898112	0.849848	0.797843	0.748682	0.696353	0.638081	0.582065	0.53016	0.477265	0.428831	0.382595	0.338026	0.295738	0.25964	0.226521	0.194109	0.165688	0.142174	0.120781	0.101186	0.0853253	0.0715172	0	
WJets
0.46985	0.55269	0.646929	0.741478	0.827945	0.929455	1.01993	1.11028	1.18455	1.23711	1.26953	1.27989	1.27228	1.25588	1.232	1.20892	1.18577	1.16666	1.14779	1.13136	1.1168	1.10337	1.087	1.06755	1.04265	1.01355	0.980202	0.941544	0.898065	0.850253	0.800956	0.747261	0.69219	0.639369	0.582983	0.529533	0.478227	0.429353	0.382478	0.337314	0.297471	0.259151	0.225465	0.194019	0.167061	0.142297	0.120542	0.102396	0.0851496	0.0714393	0	
TTJets
0.352344	0.569564	0.6314	0.757047	0.805586	0.931807	1.00873	1.11315	1.18039	1.24039	1.27083	1.28652	1.26672	1.25119	1.24283	1.20287	1.19061	1.17497	1.14226	1.13727	1.12174	1.11482	1.07764	1.06779	1.03881	1.01185	0.982227	0.947033	0.897787	0.851915	0.793032	0.738848	0.689112	0.634069	0.582436	0.529925	0.484307	0.426174	0.377619	0.336996	0.302167	0.261115	0.219872	0.191619	0.168158	0.142033	0.119013	0.0980933	0.0865925	0.0758902	0	
T-W
1.99538	0.733986	0.607763	0.757682	0.750933	0.907112	1.01879	1.10651	1.18006	1.23465	1.24373	1.24515	1.25482	1.23222	1.23964	1.23777	1.21008	1.17682	1.14538	1.13461	1.12219	1.08427	1.08353	1.08717	1.05168	1.00913	0.977183	0.92404	0.908125	0.863824	0.785431	0.757812	0.703221	0.646619	0.603312	0.507182	0.468388	0.433216	0.384084	0.348819	0.290963	0.254141	0.223973	0.19118	0.168608	0.142501	0.116767	0.105565	0.0883372	0.0654401	0	
Tbar-W
0.453061	0.593708	0.617728	0.754392	0.811106	0.960288	0.98784	1.07627	1.20171	1.24524	1.26568	1.28413	1.29914	1.26951	1.23653	1.19771	1.19361	1.16261	1.14658	1.13659	1.1257	1.10158	1.07923	1.05995	1.03176	1.01298	0.978855	0.937123	0.888064	0.862373	0.809116	0.757075	0.694509	0.649716	0.577581	0.527966	0.469749	0.432087	0.375154	0.328696	0.294507	0.254658	0.225844	0.193875	0.169553	0.135827	0.122023	0.10494	0.0822352	0.0758081	0	
T-s
0.42216	0.546384	0.727108	0.690019	0.83341	0.931621	1.01719	1.10896	1.16369	1.23314	1.24668	1.28215	1.29188	1.25234	1.22735	1.19809	1.19478	1.17028	1.14716	1.13702	1.10625	1.09612	1.09729	1.06506	1.04811	1.02024	0.979548	0.956599	0.904678	0.835879	0.798542	0.730041	0.695657	0.647744	0.592693	0.533079	0.473024	0.426117	0.386611	0.330729	0.306113	0.250059	0.228886	0.192552	0.159991	0.142976	0.125455	0.108765	0.0905035	0.0692252	0	
Tbar-s
0	0.496898	0.623405	0.7926	0.802692	0.86159	1.02458	1.10191	1.16502	1.25425	1.23456	1.27141	1.25067	1.24759	1.2425	1.22038	1.18917	1.19056	1.1693	1.11308	1.10982	1.09398	1.08615	1.07622	1.03795	1.01556	0.971287	0.954536	0.901536	0.843752	0.79366	0.761554	0.702226	0.629318	0.60251	0.540081	0.467613	0.429293	0.367663	0.341273	0.305248	0.243447	0.240028	0.191814	0.170744	0.143475	0.128558	0.0943499	0.0795506	0.0699506	0	
T-t
0.461726	0.56079	0.656498	0.730924	0.837195	0.908732	1.02963	1.09942	1.18583	1.23028	1.26442	1.28078	1.27379	1.2589	1.23144	1.21424	1.18354	1.1648	1.1536	1.1327	1.11568	1.09845	1.08481	1.06996	1.04609	1.01535	0.979374	0.942062	0.895169	0.846672	0.79911	0.746641	0.690698	0.636266	0.580322	0.532927	0.482252	0.430751	0.385404	0.336224	0.297426	0.263414	0.223281	0.194587	0.168728	0.142361	0.122023	0.100688	0.0867855	0.0723367	0	
Tbar-t
0.440883	0.547792	0.68495	0.794552	0.805413	0.924404	1.02742	1.11318	1.19167	1.23823	1.28202	1.28397	1.27195	1.25307	1.23073	1.21644	1.17431	1.16281	1.15683	1.13245	1.11585	1.09565	1.08193	1.06802	1.03731	1.01777	0.981267	0.936315	0.898245	0.851272	0.798521	0.745236	0.691012	0.644784	0.584964	0.532189	0.476449	0.429277	0.384289	0.338946	0.302716	0.25581	0.226588	0.193717	0.167373	0.139876	0.121796	0.100499	0.0857834	0.0745496	0	
WW
0.525824	0.561663	0.648635	0.738181	0.830231	0.922456	1.02656	1.10754	1.18401	1.23184	1.26954	1.2787	1.27163	1.25499	1.23364	1.21132	1.18574	1.16654	1.14736	1.1326	1.11972	1.10512	1.08697	1.06735	1.04089	1.0137	0.977739	0.942362	0.898227	0.849413	0.798142	0.747497	0.694138	0.637559	0.581831	0.529387	0.478863	0.429589	0.382445	0.337269	0.295699	0.259895	0.225336	0.195121	0.167714	0.143109	0.121273	0.102265	0.0848697	0.0718906	0	
WZ
0.498112	0.584675	0.649546	0.740525	0.840484	0.913798	1.01585	1.11693	1.17033	1.24125	1.27009	1.27838	1.27059	1.25771	1.23804	1.20819	1.18397	1.16539	1.1472	1.13274	1.11718	1.10131	1.08766	1.06732	1.04048	1.01499	0.980058	0.943217	0.896782	0.848325	0.801954	0.747604	0.69184	0.639486	0.582505	0.530474	0.480955	0.430035	0.381468	0.337399	0.298471	0.260172	0.225634	0.194227	0.166567	0.144231	0.119621	0.101859	0.0851209	0.0703443	0	
ZZ
0.403751	0.585011	0.659824	0.760571	0.832877	0.935599	1.02373	1.10645	1.18182	1.233	1.26819	1.28256	1.26976	1.25503	1.23509	1.20679	1.18694	1.16222	1.14982	1.13386	1.1153	1.10056	1.08734	1.06492	1.04015	1.01731	0.979619	0.941188	0.900182	0.851877	0.800684	0.749075	0.690936	0.640951	0.584422	0.531364	0.4792	0.429868	0.380911	0.338585	0.295363	0.259902	0.224461	0.194201	0.167011	0.142246	0.12085	0.101798	0.0853023	0.071634	0	
QCD100
0.468009	0.562526	0.665684	0.738225	0.825255	0.925994	1.02002	1.10602	1.18575	1.23586	1.26818	1.27905	1.27094	1.25553	1.23351	1.20861	1.18569	1.16586	1.14973	1.13346	1.11665	1.10292	1.0857	1.06729	1.04298	1.01529	0.982065	0.941808	0.896592	0.849767	0.79991	0.747395	0.692384	0.637067	0.583055	0.531076	0.479266	0.429203	0.381872	0.338741	0.297585	0.259791	0.224998	0.194433	0.166027	0.142288	0.120273	0.101972	0.0850697	0.0709345	0	
QCD250
0.501804	0.580487	0.646345	0.738525	0.835437	0.923006	1.02146	1.10894	1.18404	1.24037	1.27143	1.27668	1.27297	1.25596	1.23251	1.20807	1.18643	1.16776	1.14733	1.13285	1.11789	1.10273	1.08597	1.06718	1.04369	1.01347	0.978943	0.94033	0.898087	0.850447	0.800043	0.746014	0.691085	0.638001	0.585088	0.530737	0.47771	0.42874	0.382589	0.339265	0.298249	0.2588	0.224092	0.194266	0.16702	0.142632	0.120728	0.10135	0.0854926	0.071817	0	
QCD500
0.460319	0.57263	0.668779	0.736406	0.833294	0.923606	1.02121	1.10913	1.18187	1.23731	1.26834	1.27924	1.27619	1.25506	1.23329	1.21063	1.18652	1.16768	1.14873	1.13258	1.11618	1.10386	1.08649	1.0662	1.04268	1.01308	0.979221	0.941707	0.897879	0.850474	0.800413	0.746707	0.693449	0.637478	0.583288	0.529749	0.479719	0.428551	0.380055	0.337064	0.296623	0.259033	0.224181	0.195356	0.166031	0.142256	0.120683	0.102042	0.0844726	0.071392	0	
QCD1000
0.597341	0.608827	0.643757	0.743376	0.83721	0.928734	1.02347	1.11078	1.18174	1.23556	1.26504	1.27383	1.27192	1.25941	1.23208	1.20764	1.18904	1.16233	1.14735	1.13523	1.11791	1.10226	1.08619	1.06996	1.04355	1.01779	0.978287	0.939003	0.897245	0.849027	0.799522	0.747674	0.692258	0.637982	0.584777	0.52997	0.480369	0.428594	0.381337	0.337109	0.296543	0.260488	0.225081	0.195195	0.166401	0.14191	0.122194	0.102828	0.0846778	0.0707335	0	
