EWKZ
0.308075	0.372845	0.43404	0.497617	0.57093	0.668758	0.740977	0.836552	0.912974	0.974481	1.02542	1.05927	1.07846	1.08603	1.08945	1.08341	1.08602	1.08013	1.08975	1.08823	1.08942	1.09828	1.10791	1.10636	1.10664	1.09456	1.08407	1.06882	1.04909	1.02057	0.988908	0.954239	0.909624	0.860149	0.809735	0.767376	0.720606	0.659514	0.618829	0.568556	0.518257	0.460863	0.415647	0.374627	0.339551	0.299834	0.268001	0.233149	0.201548	0.174669	0.155258	0.135508	0.113638	0.0958567	0.0825155	0.069031	0.0597292	0.0457322	0.0408084	0.0347322	0.0303995	0.0232114	0.0212467	0.0165855	0.0136383	0.0113866	0.00939419	0.00841513	0.0054986	0.00605575	0.00487199	0.00322401	0.00805592	0.00336869	0.00424751	0.00269364	0.00515801	0.00165742	0.00214497	0	0	0	0	0	0	0	0	0	0	0	0	0	0	0	0	0	0	0	0	0	
EWKZRD
0.746168	0.588631	0.603219	0.669302	0.640459	0.669607	0.685499	0.695061	0.709233	0.722269	0.736583	0.753455	0.772064	0.795271	0.81878	0.841904	0.873119	0.898824	0.922835	0.953081	0.983576	1.0081	1.03777	1.07005	1.10189	1.13373	1.1724	1.21637	1.26062	1.30423	1.35588	1.41734	1.46955	1.54063	1.60145	1.68066	1.76152	1.88194	1.96525	2.02416	2.15493	2.32005	2.33663	2.41252	2.52452	2.72664	2.8292	2.79005	2.91938	3.90852	3.09849	3.89251	5.07008	3.38311	3.42698	5.24341	2.70675	5.34539	3.49114	6.78913	4.36973	5.58774	1.77538	0	1.41095	0	0	0	0	0	0	0	0	0	0	0	0	0	0	0	0	0	0	0	0	0	0	0	0	0	0	0	0	0	0	0	0	0	0	0	
DY
0.305747	0.366995	0.441274	0.501358	0.579543	0.663969	0.746957	0.835706	0.915675	0.976126	1.02857	1.06	1.07689	1.08564	1.08836	1.08749	1.08401	1.08294	1.08552	1.08782	1.09204	1.09865	1.10067	1.10307	1.10213	1.09599	1.08541	1.07033	1.04771	1.02035	0.9863	0.954016	0.913993	0.866256	0.816719	0.769253	0.717498	0.667287	0.617149	0.564155	0.51354	0.468088	0.423069	0.377898	0.334848	0.298607	0.264082	0.230757	0.201546	0.175807	0.149088	0.130136	0.110794	0.0953387	0.080217	0.0688125	0.0579669	0.0484979	0.0404592	0.0344213	0.028748	0.0234542	0.0189513	0.0165343	0.0132942	0.0115254	0.00921573	0.00775402	0.00624746	0.00516036	0.00460289	0.00379485	0.00323049	0.00333361	0.00245852	0.00284942	0.00329652	0.00154075	0.00219339	0.00476249	0.00104048	0.00205716	0.00204326	0	0.001811	0	0	0	0	0.000242419	0	0	7.1838e-05	0	0	0	0	0	0	0	
DYRD
0.71422	0.606279	0.635376	0.644733	0.659443	0.673411	0.687188	0.696974	0.711853	0.723668	0.739619	0.75802	0.778085	0.798963	0.822848	0.847523	0.874144	0.900906	0.927349	0.953261	0.979892	1.00753	1.03683	1.06734	1.0981	1.13039	1.1673	1.2108	1.25134	1.29402	1.35085	1.40153	1.46034	1.53054	1.59135	1.6646	1.74547	1.82291	1.90999	2.00514	2.10419	2.20803	2.2886	2.40446	2.50158	2.63024	2.74762	2.78655	2.97756	3.07365	3.19895	3.47086	3.71699	3.62881	3.74507	3.71715	4.0389	4.57892	5.38299	4.98484	6.41684	9.57304	5.2142	23.0649	4.83455	9.08187	0	0	2.19281	0	0	0	0	0	0	0	0	0	0	0	0	0	0	0	0	0	0	0	0	0	0	0	0	0	0	0	0	0	0	0	
DY0
0.308255	0.364006	0.441874	0.499357	0.57817	0.661827	0.747008	0.836299	0.916333	0.976879	1.02755	1.05959	1.07768	1.08595	1.08959	1.08825	1.08427	1.08433	1.08544	1.08932	1.09118	1.09728	1.10059	1.10279	1.10268	1.09546	1.08511	1.07012	1.04724	1.02039	0.985968	0.953811	0.913554	0.866794	0.816601	0.769001	0.716551	0.666363	0.617219	0.564524	0.51263	0.469096	0.423421	0.377454	0.334241	0.297717	0.262945	0.2303	0.201518	0.175761	0.148781	0.130114	0.110493	0.0956775	0.0809561	0.0683276	0.0580886	0.0478423	0.040648	0.0346261	0.0287683	0.0231225	0.0194432	0.0165365	0.013751	0.011406	0.0093606	0.0076642	0.00610112	0.00495226	0.00460649	0.00356614	0.00283767	0.00318113	0.0024805	0.00271709	0.00381547	0.00188619	0.00198334	0.00516771	0.00112901	0.00148813	0.00147807	0	0.00131006	0	0	0	0	0	0	0	5.19669e-05	0	0	0	0	0	0	0	
DY1
0.294431	0.370697	0.43825	0.501409	0.581067	0.665581	0.749255	0.834776	0.913264	0.9796	1.02676	1.06057	1.079	1.0836	1.08726	1.08674	1.08417	1.08229	1.08553	1.08965	1.09324	1.09757	1.1018	1.10371	1.1019	1.09626	1.08524	1.06749	1.04891	1.01993	0.989772	0.950966	0.911806	0.866678	0.817338	0.771125	0.715195	0.668493	0.613833	0.565155	0.515446	0.467647	0.421949	0.378652	0.336597	0.298543	0.263392	0.230454	0.200415	0.174951	0.150031	0.131545	0.112451	0.0947349	0.0807167	0.0692746	0.058108	0.0480987	0.0395856	0.0336136	0.0274031	0.0227401	0.0200934	0.0160992	0.0124453	0.00999934	0.0102384	0.00769371	0.00655712	0.00509692	0.00402761	0.0038556	0.00329267	0.00271932	0.00233778	0.002416	0.00208186	0.00334482	0.00157409	0.00225575	0.00739233	0.00243593	0.00322597	0.000714789	0.00142964	0.000477566	0.000638932	0.000427636	0	0	0	8.52236e-05	0	0	0	0	0	0	0	0	
DY2
0.314054	0.372561	0.433162	0.501823	0.575881	0.660365	0.747501	0.833418	0.91368	0.979307	1.02826	1.06037	1.07875	1.08674	1.08716	1.08658	1.08315	1.08276	1.08531	1.08701	1.09293	1.09726	1.10128	1.10277	1.10263	1.09773	1.087	1.06884	1.04745	1.01691	0.988341	0.951858	0.914204	0.866209	0.81659	0.772399	0.719444	0.668503	0.616485	0.565417	0.517356	0.466475	0.418977	0.378363	0.336155	0.297971	0.263996	0.230176	0.201562	0.174141	0.151934	0.130163	0.112255	0.0955613	0.0815094	0.0690952	0.0572509	0.0473807	0.0409536	0.0340135	0.0287087	0.0233473	0.0187175	0.0164488	0.0128303	0.0118037	0.00874427	0.00840897	0.00721648	0.00525464	0.00456845	0.00378426	0.00369369	0.00296556	0.00274943	0.00257749	0.00236498	0.0024318	0.00224796	0.00170835	0.00111968	0.00221376	0	0	0	0.000434009	0	0	0	0	0	0	0	0	0	0	0	0	0	0	
DY3
0.299528	0.383467	0.426107	0.501699	0.58094	0.667062	0.75335	0.836288	0.911231	0.981433	1.02769	1.05945	1.07996	1.08691	1.08681	1.08357	1.08466	1.08448	1.08502	1.09041	1.09035	1.10015	1.10371	1.10365	1.10241	1.09615	1.08394	1.0681	1.04693	1.01684	0.986197	0.953644	0.909323	0.866377	0.819049	0.767947	0.71796	0.668604	0.616451	0.562794	0.514425	0.469678	0.422156	0.376632	0.336121	0.296979	0.264822	0.228642	0.201445	0.174632	0.149425	0.128981	0.110127	0.0980644	0.0830128	0.0697761	0.0569211	0.0479797	0.0414424	0.0340833	0.0282268	0.0237129	0.0200304	0.0150567	0.0141001	0.0110588	0.00868505	0.00802454	0.00543171	0.00507916	0.0047121	0.00323323	0.00277128	0.00298982	0.00471225	0.00373545	0.00635819	0.00306461	0.00198305	0.00258348	0.00338652	0.000743955	0	0	0	0	0.000292703	0	0	0	0	0	0	0	0	0	0	0	0	0	
DY4
0.303967	0.38561	0.439991	0.495488	0.581686	0.652219	0.743653	0.834733	0.912875	0.978646	1.03015	1.0561	1.07762	1.0855	1.09196	1.08566	1.08406	1.08456	1.0862	1.08847	1.09355	1.09814	1.10096	1.10351	1.10278	1.0969	1.08033	1.0652	1.04655	1.01923	0.989045	0.952951	0.912059	0.867135	0.820159	0.771428	0.717106	0.668383	0.620501	0.564494	0.510374	0.467611	0.425136	0.377019	0.341333	0.296754	0.263002	0.230207	0.201416	0.172149	0.156338	0.129558	0.113069	0.0962416	0.0815715	0.0679907	0.0563292	0.0467003	0.0396694	0.0352226	0.0291428	0.0233093	0.0209063	0.0163802	0.0138584	0.0115704	0.0101828	0.00727088	0.00555368	0.00622551	0.0044508	0.00316804	0.00329836	0.00310332	0.00273904	0.00434253	0.00184788	0.00237511	0.00230533	0.00150167	0	0.00129729	0	0	0	0	0	0	0	0	3.40346e-05	0	0	0	0	0	0	0	0	0	
WJets
0.306929	0.363455	0.429063	0.504262	0.576488	0.663697	0.74869	0.835063	0.913789	0.977645	1.0271	1.06056	1.07742	1.08564	1.08687	1.08585	1.08384	1.08426	1.08516	1.08734	1.09192	1.09763	1.10258	1.10459	1.10222	1.09552	1.08577	1.06928	1.04775	1.02082	0.989737	0.951828	0.909909	0.867078	0.818684	0.768884	0.71964	0.667768	0.616011	0.563905	0.515845	0.466572	0.42149	0.376656	0.337709	0.298814	0.26316	0.232484	0.201502	0.175207	0.151188	0.12989	0.111472	0.095498	0.081222	0.0684293	0.0576105	0.0484032	0.0399454	0.0334833	0.0281432	0.023571	0.0202325	0.0166352	0.0135169	0.0107344	0.00960485	0.00795768	0.00653252	0.00583968	0.0051596	0.00421686	0.00332077	0.00329069	0.00216557	0.00226899	0.00232399	0.00214073	0.00207784	0.00193355	0.0017742	0.00146159	0.0015485	0.00171553	0.000381245	0.000458474	0	0	0	0	0	0	0	0	0	0	0	0	0	0	
W0Jets
0.300304	0.366208	0.428891	0.505679	0.576507	0.663481	0.749644	0.835231	0.913046	0.978371	1.02694	1.0604	1.07737	1.08607	1.08639	1.08501	1.08387	1.08377	1.0857	1.08809	1.09168	1.09818	1.10254	1.10516	1.10181	1.09512	1.08576	1.06964	1.04695	1.02039	0.990104	0.952037	0.909988	0.866667	0.818917	0.76908	0.719619	0.667245	0.616988	0.564038	0.514992	0.46665	0.421584	0.376195	0.337816	0.298696	0.26377	0.232431	0.201532	0.175358	0.151923	0.130092	0.111419	0.0956188	0.0811975	0.0682655	0.0572605	0.0481838	0.0398963	0.0332371	0.0278414	0.0232373	0.0195909	0.0164357	0.0139161	0.010766	0.00976574	0.00778199	0.0064525	0.00601931	0.00514534	0.00420039	0.00309622	0.00334842	0.00206354	0.0020433	0.00256349	0.00199066	0.00257625	0.0018307	0.00146651	0.00144974	0.00191993	0.00127622	0.000364649	0.000426334	0	0	0	0	0	0	0	0	0	0	0	0	0	0	
W1Jets
0.314629	0.366822	0.42984	0.501598	0.575509	0.661183	0.749328	0.834528	0.909614	0.979026	1.02569	1.06033	1.07807	1.08594	1.08866	1.08592	1.08472	1.08461	1.08564	1.08677	1.09431	1.0945	1.10067	1.10366	1.10233	1.09528	1.08633	1.06993	1.04603	1.02018	0.988897	0.951598	0.911203	0.869907	0.820304	0.769173	0.721424	0.667836	0.615491	0.564654	0.515241	0.46816	0.421994	0.379703	0.335595	0.299039	0.263547	0.230153	0.200645	0.173965	0.151779	0.130522	0.108668	0.0943912	0.0819734	0.0683727	0.0574093	0.0475116	0.0408776	0.0339234	0.027723	0.0232993	0.0210882	0.0161065	0.0135874	0.0120631	0.00976421	0.00817212	0.00645745	0.00544755	0.00527424	0.00488727	0.00352599	0.00307898	0.00341367	0.00224216	0.00250453	0.00214608	0.00166642	0.00135686	0.00711452	0.00117219	0.00310473	0.00103189	0.00137591	0.000919237	0	0.000411565	0	0	0	0	0	0	0	0	0	0	0	0	
W2Jets
0.29384	0.370826	0.441512	0.502754	0.577809	0.661908	0.750675	0.836376	0.91258	0.97727	1.02635	1.05888	1.07701	1.08569	1.0879	1.08555	1.08417	1.08362	1.08408	1.08865	1.09343	1.09811	1.1018	1.10324	1.10088	1.09596	1.08541	1.06981	1.04729	1.02054	0.989255	0.953078	0.912085	0.867699	0.819716	0.767897	0.720985	0.666362	0.614782	0.565141	0.512161	0.468767	0.422263	0.377529	0.33823	0.299043	0.262799	0.232462	0.20237	0.175598	0.150432	0.131109	0.112307	0.0955213	0.0802914	0.0673579	0.0570204	0.0485213	0.0395589	0.034197	0.0276846	0.0240471	0.0198494	0.0152813	0.0141213	0.0109735	0.00906553	0.00784817	0.00677831	0.00485094	0.00439922	0.0039084	0.00364885	0.00353006	0.00298418	0.00198259	0.00151857	0.00227716	0.0017002	0.00205677	0.00188727	0.000888422	0.00102949	0.00273729	0	0	0.000815599	0	0.000365304	0	0	0	0	0	0	0	0	0	0	0	
W3Jets
0.296221	0.378697	0.431966	0.506353	0.574012	0.659264	0.748865	0.838177	0.90774	0.977667	1.02904	1.05973	1.07628	1.08615	1.08699	1.08574	1.08482	1.08576	1.08626	1.08789	1.09438	1.09853	1.10311	1.10327	1.09839	1.09786	1.08339	1.06662	1.04731	1.02193	0.989629	0.951212	0.9098	0.86751	0.818334	0.768561	0.721884	0.66746	0.616183	0.563972	0.513589	0.467782	0.420814	0.377673	0.334223	0.29883	0.26295	0.231326	0.201355	0.176623	0.153621	0.130229	0.111956	0.0955574	0.0809278	0.0680694	0.0583479	0.0479836	0.0404895	0.0337072	0.0282897	0.0229196	0.0196596	0.016187	0.0134396	0.0113327	0.0100924	0.0087394	0.00690094	0.00603254	0.0041144	0.00351919	0.00299779	0.0033361	0.00296361	0.00206737	0.00293243	0.00188455	0.00365838	0.00238303	0.00156188	0.00154402	0.00102239	0	0	0.000605413	0	0	0	0	0	0	0	0	0	0	0	0	0	0	
W4Jets
0.298118	0.370314	0.427663	0.5078	0.576685	0.65924	0.746682	0.835662	0.916788	0.978146	1.02613	1.06025	1.07676	1.08483	1.0882	1.08518	1.08522	1.08303	1.0857	1.08871	1.0916	1.09806	1.10198	1.10284	1.09993	1.09597	1.08338	1.06944	1.04869	1.01687	0.990377	0.953425	0.910083	0.866221	0.822762	0.771087	0.719149	0.668044	0.61472	0.566222	0.518064	0.46575	0.421082	0.378473	0.337202	0.301841	0.260519	0.231903	0.201293	0.17829	0.151365	0.131439	0.111033	0.0952375	0.082165	0.0672365	0.0594083	0.0483167	0.0412764	0.0341267	0.0286856	0.0233027	0.0198968	0.0164248	0.0135585	0.0116676	0.00852799	0.00731184	0.00703257	0.00486635	0.00572479	0.00493101	0.00353109	0.00292933	0.00381665	0.00191084	0.00165528	0.00496431	0.00192739	0.00209247	0.00102858	0.00271152	0	0	0	0	0	0	0	0	0	0	0	0	0	0	0	0	0	0	
TTJetsSemiLept
0.318339	0.378272	0.439097	0.497638	0.579902	0.661158	0.748103	0.836829	0.911971	0.979158	1.02806	1.05926	1.07897	1.08513	1.0887	1.0849	1.08441	1.08358	1.085	1.08672	1.09285	1.09867	1.10384	1.10204	1.10158	1.09729	1.08764	1.06959	1.04509	1.02123	0.989051	0.950335	0.910954	0.8663	0.816842	0.770969	0.716353	0.664325	0.618335	0.566227	0.515693	0.467216	0.419359	0.3774	0.339631	0.298697	0.264199	0.230344	0.2007	0.176363	0.151068	0.129768	0.112197	0.0949545	0.0810313	0.0683312	0.0572006	0.0497316	0.0396584	0.0336612	0.028682	0.0232148	0.0193042	0.0158125	0.0133808	0.0103626	0.00910422	0.00752687	0.00685673	0.00547094	0.00521681	0.00396452	0.00293419	0.00307858	0.00304993	0.00218374	0.00332384	0.00185128	0.0017969	0.0019508	0.000958943	0	0.00334781	0.00055634	0.00148364	0	0.000663065	0	0	0	0	0	0	0	0	0	0	0	0	0	
TTJetsFullLept
0.316218	0.355263	0.437747	0.501164	0.579801	0.662989	0.745132	0.835579	0.912656	0.981407	1.02841	1.0564	1.07926	1.08843	1.08902	1.08556	1.08141	1.08154	1.08393	1.08734	1.09384	1.09941	1.10157	1.10196	1.10361	1.09462	1.08214	1.06953	1.04756	1.02089	0.986676	0.953302	0.911546	0.86758	0.82254	0.76894	0.723997	0.667524	0.613525	0.565636	0.515701	0.467567	0.419233	0.376846	0.338983	0.298509	0.261786	0.23016	0.205106	0.177976	0.152733	0.132146	0.112859	0.0948513	0.0817463	0.0683124	0.0569327	0.0478329	0.0399958	0.0344009	0.0284323	0.0240709	0.0199633	0.0156014	0.0148174	0.011088	0.00923552	0.006471	0.00584279	0.00488386	0.0058593	0.00335498	0.00499767	0.00203759	0.0023356	0.00181031	0.00173327	0.0033417	0.00288314	0.00187804	0.000923181	0.00243366	0.000805741	0	0.000714153	0	0	0	0	0	0	0	0	0	0	0	0	0	0	0	
TTJetsHadronic
0.296778	0.376579	0.431717	0.50205	0.579548	0.660778	0.749068	0.836093	0.912514	0.97778	1.02726	1.05952	1.07678	1.08577	1.08697	1.0866	1.08485	1.08411	1.08516	1.0889	1.09412	1.09696	1.10277	1.1029	1.10236	1.09676	1.08617	1.0689	1.04704	1.0192	0.988752	0.949572	0.91172	0.866473	0.818394	0.768689	0.71846	0.668399	0.615775	0.564489	0.515514	0.467291	0.42028	0.378713	0.33812	0.300007	0.262429	0.230093	0.20155	0.175425	0.150557	0.130333	0.110617	0.0963809	0.0801058	0.0679263	0.056829	0.0477114	0.0405966	0.0339365	0.0282567	0.0227082	0.0193068	0.0162172	0.0137521	0.0108371	0.00926177	0.00760557	0.00657877	0.00515972	0.00422247	0.00390921	0.00379641	0.00325715	0.00258911	0.00290496	0.00241049	0.00244598	0.00187952	0.00178079	0.00213981	0.00141023	0.0014007	0.00372429	0.000827655	0.00165885	0	0.000742709	0.000497023	0	0	0	0	0	0	0	0	0	0	0	
T-W
0.720587	0.361292	0.422641	0.492625	0.553288	0.647172	0.74122	0.83667	0.923441	0.960881	1.01047	1.03844	1.06847	1.08013	1.08793	1.10139	1.09907	1.08899	1.09263	1.09805	1.08468	1.08606	1.10549	1.11817	1.10401	1.09697	1.08444	1.05806	1.0611	1.01954	0.979745	0.947342	0.904705	0.86491	0.83997	0.753901	0.713801	0.671002	0.618193	0.574006	0.506852	0.467403	0.423331	0.372336	0.330109	0.292673	0.264367	0.235231	0.212695	0.170431	0.143958	0.14805	0.122766	0.0991759	0.0837184	0.0780309	0.0560466	0.0405005	0.0341557	0.0316733	0.0271814	0.0312822	0.0161176	0.0235531	0.0182285	0.0114143	0.0102889	0.00524027	0.00895692	0.00556458	0.00461249	0.00287274	0	0	0.00212891	0	0	0	0	0	0	0	0	0	0	0	0	0	0	0	0	0	0	0	0	0	0	0	0	0	
Tbar-W
0.285803	0.394068	0.410777	0.51506	0.560834	0.684539	0.724097	0.809332	0.925375	0.982401	1.02125	1.06779	1.09765	1.09373	1.09064	1.08012	1.08924	1.08187	1.08446	1.0935	1.10038	1.09652	1.09473	1.09742	1.09087	1.09322	1.08446	1.06668	1.03958	1.03388	0.997851	0.95916	0.914022	0.877511	0.807845	0.763998	0.702775	0.673123	0.609505	0.549303	0.510862	0.458413	0.424801	0.380229	0.344661	0.286075	0.26602	0.240941	0.195151	0.186264	0.147038	0.142804	0.112102	0.0901444	0.0790593	0.0740902	0.0676148	0.0427291	0.0410395	0.0347883	0.0303212	0.0226963	0.0159817	0.0149469	0.0146857	0.011318	0.0102021	0.00571567	0.00355254	0.0110353	0.00274415	0.00427276	0	0.00334838	0	0.0013387	0	0	0	0	0	0	0	0	0	0	0	0	0	0	0	0	0	0	0	0	0	0	0	0	
T-s
0.30113	0.357931	0.475145	0.475564	0.569117	0.668286	0.752256	0.840304	0.898262	0.970793	1.01533	1.06289	1.09354	1.08369	1.08258	1.07787	1.09093	1.08381	1.085	1.09126	1.08168	1.09333	1.1048	1.1105	1.1071	1.09881	1.09036	1.07934	1.05495	0.99979	0.98698	0.931748	0.915974	0.880065	0.826719	0.774767	0.705223	0.663062	0.627056	0.554126	0.523959	0.454213	0.435721	0.377685	0.326829	0.301026	0.272438	0.246246	0.214894	0.171452	0.145886	0.14473	0.11745	0.0913254	0.0717986	0.0692497	0.058554	0.0541111	0.0346738	0.0330903	0.0255577	0.0326817	0.0173064	0.0109364	0.0247572	0.0155024	0.00483716	0.00376386	0.00935763	0.00581352	0.00722827	0.00112547	0.00281225	0	0	0	0	0	0	0	7.99209e-05	0	0	0	0	0	0	0	0	0	0	0	0	0	0	0	0	0	0	0	
Tbar-s
0	0.429926	0.379631	0.486349	0.567151	0.659164	0.734857	0.830286	0.874922	0.972274	1.00892	1.06905	1.0589	1.09285	1.092	1.09154	1.09461	1.1018	1.08753	1.07768	1.07917	1.08888	1.10208	1.10572	1.08296	1.09423	1.07502	1.07504	1.06899	1.02598	0.980069	0.952214	0.922381	0.849386	0.834738	0.795474	0.720415	0.685261	0.606646	0.578463	0.515986	0.448745	0.438144	0.371501	0.341689	0.309	0.287406	0.228602	0.181764	0.17411	0.179888	0.144824	0.122355	0.0881731	0.0709639	0.0654281	0.0676924	0.0505019	0.0761156	0.04934	0.0294886	0.0377083	0.018637	0.021199	0.0222172	0.0417358	0.0130227	0	0	0.00313025	0.003892	0.00242401	0.000757118	0	0.000299395	0.000379733	0	0	0	0	0	0	0	0	0	0	0	0	0	0	0	0	0	0	0	0	0	0	0	0	
T-t
0.320103	0.370525	0.435533	0.497361	0.583899	0.653988	0.752893	0.832875	0.916704	0.974987	1.02449	1.05998	1.07786	1.08666	1.08472	1.08747	1.08137	1.08441	1.09106	1.08913	1.09125	1.09463	1.09819	1.10645	1.10398	1.09797	1.08601	1.07094	1.04375	1.01716	0.988293	0.950966	0.908835	0.864738	0.816484	0.771079	0.725477	0.67039	0.618912	0.563715	0.51473	0.472029	0.417579	0.3785	0.340876	0.298033	0.266583	0.227618	0.203085	0.176666	0.147866	0.130036	0.110994	0.0934076	0.082595	0.0670789	0.0621056	0.0478008	0.0387283	0.0367202	0.0275735	0.0248671	0.0204707	0.0139505	0.0127826	0.0127339	0.0105955	0.00806129	0.00552172	0.00700379	0.00435409	0.00500641	0.00338804	0.00231832	0.00146156	0.00339854	0.000929689	0.00104558	0	0.00176285	0	0	0	0	0	0	0	0	0	0	0	0	0	0	0	0	0	0	0	0	
Tbar-t
0.311322	0.364461	0.470896	0.517998	0.571445	0.662459	0.752702	0.830142	0.921593	0.977697	1.03792	1.06243	1.0813	1.08483	1.08272	1.08918	1.07935	1.08125	1.09039	1.09258	1.08913	1.09253	1.10164	1.10012	1.09707	1.09694	1.08032	1.06206	1.05068	1.02331	0.988785	0.950124	0.912697	0.873833	0.823324	0.769187	0.715272	0.667648	0.615588	0.565584	0.522242	0.464272	0.424098	0.378233	0.334521	0.296165	0.267793	0.227756	0.204057	0.181111	0.155281	0.125132	0.110524	0.0997635	0.0813818	0.0662142	0.0571233	0.0499879	0.0415787	0.0342367	0.0303581	0.0205005	0.0212737	0.0166515	0.0153571	0.012543	0.00782747	0.010188	0.00733214	0.00540927	0.00489137	0.00837768	0.00348893	0.00218841	0.00827797	0.00174988	0.00335081	0.00215343	0	0	0	0	0	0	0	0	0	0	0	0	0	0	0	0	0	0	0	0	0	0	
WW
0.334802	0.367687	0.42942	0.50037	0.577627	0.65772	0.752056	0.832518	0.913401	0.975357	1.02837	1.05987	1.07779	1.08654	1.08757	1.08827	1.08317	1.08484	1.08453	1.08879	1.09404	1.09909	1.10241	1.10385	1.10028	1.09622	1.08284	1.07095	1.04774	1.01954	0.987395	0.950961	0.913114	0.865958	0.816494	0.767234	0.718385	0.668157	0.617344	0.562781	0.512953	0.468575	0.421103	0.377987	0.337067	0.299948	0.26456	0.233034	0.201018	0.176502	0.150525	0.129151	0.111684	0.0947706	0.0821555	0.0691649	0.0581242	0.0472884	0.0416833	0.034404	0.0282794	0.0245873	0.0178861	0.015237	0.0125644	0.0104993	0.00834442	0.00661905	0.00631541	0.00596374	0.00505571	0.00468062	0.00327832	0.00424113	0.0025165	0.002713	0.00247385	0.00139111	0.00360065	0.00469085	0.000768619	0	0.00134168	0	0	0	0	0	0	0	0	0	0	0	0	0	0	0	0	0	
WZ
0.330971	0.380651	0.433733	0.50495	0.585837	0.656996	0.743932	0.840233	0.903974	0.980886	1.02778	1.05866	1.07625	1.08761	1.0916	1.08485	1.08276	1.08307	1.08501	1.08801	1.0926	1.09558	1.10332	1.10337	1.09935	1.09797	1.08521	1.07136	1.04709	1.01835	0.991086	0.95045	0.910284	0.867344	0.818549	0.7695	0.72141	0.669517	0.616081	0.565671	0.516817	0.470228	0.421336	0.377165	0.336417	0.302464	0.262016	0.231346	0.200682	0.173015	0.153459	0.128992	0.110866	0.0952634	0.0798673	0.0697873	0.0569359	0.0489559	0.0399175	0.0322261	0.0285527	0.0235433	0.0198075	0.0156784	0.0128007	0.0112946	0.00781839	0.00815716	0.00654496	0.0048094	0.00455836	0.00384846	0.00386367	0.00251323	0.00267374	0.0033912	0.00157425	0.00222574	0.00144024	0.00469078	0	0.00202618	0.000670831	0	0	0	0	0	0.000119019	0	0	0	0	0	0	0	0	0	0	0	
ZZ
0.26523	0.372314	0.434226	0.515078	0.57974	0.667397	0.750147	0.830882	0.911017	0.975631	1.02623	1.06285	1.07541	1.08557	1.0901	1.08435	1.08471	1.08051	1.08655	1.08962	1.09045	1.09598	1.10272	1.10113	1.10032	1.10094	1.08578	1.06918	1.04858	1.02215	0.989295	0.953115	0.908904	0.869387	0.820233	0.770594	0.719917	0.668577	0.614635	0.565098	0.512446	0.468213	0.419794	0.376176	0.338028	0.297901	0.264599	0.232026	0.201578	0.175035	0.15181	0.132473	0.112764	0.0957513	0.0796944	0.0681969	0.0582982	0.0476946	0.0388109	0.0332401	0.0267629	0.0222119	0.0190331	0.0146082	0.0120892	0.0127599	0.00920956	0.00810792	0.00698535	0.00456575	0.00406699	0.00326366	0.00341985	0.0026599	0.00262017	0.0022155	0.00188553	0.00218115	0.00352845	0.00153226	0.00301283	0.000992792	0	0.00087396	0	0	0	0	0	0	0	0	0	0	0	0	0	0	0	0	
QCD100
0.319407	0.364462	0.435226	0.503709	0.577311	0.661465	0.748612	0.832799	0.912675	0.977487	1.02663	1.06038	1.07667	1.08598	1.08786	1.08601	1.08396	1.08476	1.0866	1.08944	1.0921	1.09684	1.10112	1.1036	1.10106	1.09681	1.0861	1.06944	1.04736	1.01982	0.988561	0.952371	0.910328	0.865561	0.819138	0.770364	0.719982	0.668074	0.615148	0.564998	0.516227	0.466955	0.42075	0.378154	0.3363	0.298858	0.263176	0.232056	0.200718	0.175032	0.151377	0.129574	0.111931	0.0955971	0.0809135	0.0676784	0.0579486	0.04789	0.0412256	0.0330287	0.0281088	0.0233529	0.0197472	0.016174	0.0135858	0.0112468	0.0090825	0.0071332	0.00615862	0.00559127	0.00418577	0.00370992	0.00376597	0.00278815	0.0032492	0.00271991	0.0021172	0.00179955	0.00225614	0.0023514	0.00308231	0.00203137	0.00112092	0.00447057	0.000596102	0.000995629	0.00133204	0	0	0	0	0	0	0	0	0	0	0	0	0	
QCD250
0.329283	0.378217	0.426924	0.497243	0.58034	0.662348	0.748429	0.833913	0.911746	0.979935	1.02878	1.05921	1.07743	1.08634	1.08775	1.08456	1.08552	1.08517	1.08461	1.08906	1.09244	1.09768	1.10076	1.10424	1.1027	1.09591	1.08345	1.06863	1.04823	1.0207	0.988008	0.951357	0.91015	0.86639	0.819996	0.769024	0.717258	0.666754	0.617051	0.56568	0.517738	0.466237	0.420419	0.3771	0.336541	0.299372	0.264182	0.231198	0.202016	0.176734	0.150713	0.130044	0.111675	0.0963049	0.0818062	0.0688469	0.056605	0.0469717	0.0395181	0.0340593	0.0277818	0.0234849	0.0186695	0.016187	0.0137087	0.0114131	0.00891241	0.00797598	0.00716275	0.00555221	0.00445246	0.00450624	0.00380204	0.00278228	0.00257262	0.00319201	0.00213006	0.00376447	0.00278391	0.00253877	0.000924423	0	0.00181536	0.00241341	0.00160901	0	0	0	0	0	0	0	0	0	0	0	0	0	0	0	
QCD500
0.305035	0.369683	0.438315	0.50219	0.581648	0.661069	0.748087	0.834021	0.910813	0.97807	1.02698	1.05908	1.08034	1.08432	1.08795	1.08794	1.08417	1.0863	1.08608	1.08781	1.09191	1.09804	1.10138	1.10265	1.10286	1.09575	1.08448	1.06988	1.0476	1.01973	0.989057	0.951779	0.910291	0.865495	0.818139	0.769494	0.719904	0.665857	0.614305	0.563939	0.515279	0.466864	0.419264	0.380021	0.336375	0.298967	0.263435	0.231931	0.200425	0.176377	0.152197	0.130229	0.110906	0.0943324	0.080746	0.0688645	0.0576194	0.048393	0.0404246	0.0339677	0.0279325	0.023864	0.0192886	0.016646	0.0128715	0.010966	0.00953716	0.0078413	0.00706064	0.00558607	0.00503443	0.00410779	0.0038491	0.00300916	0.0027851	0.00188664	0.00196246	0.00283768	0.00146897	0.00179413	0.00117591	0.00154995	0.00136842	0	0	0	0.000813086	0	0	0	0	0.000108453	0	0	0	0	0	0	0	0	
QCD1000
0.36446	0.384404	0.431171	0.503592	0.581438	0.660633	0.749483	0.835366	0.912088	0.979834	1.02599	1.05978	1.07586	1.08779	1.08634	1.08571	1.0861	1.08245	1.08506	1.08964	1.0917	1.09817	1.10088	1.10558	1.10256	1.098	1.08307	1.06781	1.04524	1.01998	0.989112	0.952865	0.909482	0.86605	0.820434	0.76892	0.720611	0.667249	0.614894	0.562996	0.51537	0.471005	0.420242	0.378707	0.33773	0.297328	0.264287	0.233369	0.201131	0.173722	0.15101	0.128743	0.113396	0.0939323	0.0823985	0.0699073	0.058262	0.0475393	0.0403733	0.0336365	0.0291652	0.0234769	0.0195399	0.0152594	0.0142377	0.0110665	0.0105572	0.00688203	0.00664437	0.00607041	0.00432507	0.00319656	0.00468008	0.00303025	0.00227777	0.00375568	0.00171231	0.00118508	0.00249224	0.000927666	0.00425608	0	0	0.0012346	0.000823103	0	0	0	0	0	0	0	0	0	0	0	0	0	0	0	
