signal
0.814796	0.513597	0.656915	0.708543	0.77982	0.886441	0.980069	1.04597	1.10836	1.17795	1.22474	1.23583	1.23937	1.21242	1.20574	1.18191	1.16692	1.14788	1.12924	1.12702	1.11194	1.1024	1.0745	1.06466	1.05232	1.03387	1.01273	0.972566	0.930662	0.885981	0.853427	0.780868	0.733419	0.677239	0.62587	0.582163	0.515241	0.473464	0.424809	0.378651	0.328538	0.296609	0.25424	0.219951	0.192831	0.171051	0.140365	0.112484	0.104676	0.0857069	0.0725786	
ZVBF
0.424556	0.526168	0.607938	0.685824	0.771585	0.884817	0.959061	1.05898	1.13049	1.18085	1.21694	1.23239	1.23148	1.21871	1.20296	1.17851	1.16496	1.14341	1.13891	1.12296	1.10971	1.10375	1.09764	1.07948	1.06217	1.03222	1.00319	0.969369	0.931388	0.88593	0.838465	0.78946	0.733645	0.675758	0.619197	0.570781	0.521036	0.4633	0.422143	0.376457	0.332937	0.287147	0.251088	0.21935	0.192649	0.164802	0.142676	0.120201	0.100613	0.084421	0.0726475	
DY
0.421312	0.517868	0.618018	0.690921	0.783158	0.878405	0.966719	1.05782	1.13373	1.18274	1.22057	1.23313	1.22958	1.21817	1.20166	1.18285	1.16271	1.14628	1.13439	1.12243	1.11229	1.10403	1.09037	1.07618	1.05775	1.03348	1.00435	0.970657	0.930082	0.88566	0.836182	0.789208	0.737106	0.680498	0.624485	0.572128	0.518744	0.46872	0.420961	0.373511	0.329879	0.291623	0.255549	0.221246	0.189964	0.164114	0.140578	0.118958	0.100604	0.0849639	0.0697544	
DY0
0.424769	0.513651	0.618859	0.688163	0.781304	0.875573	0.966785	1.05857	1.13455	1.18366	1.21936	1.23265	1.23049	1.21852	1.20301	1.18368	1.16298	1.14776	1.1343	1.12398	1.11141	1.10265	1.0903	1.07591	1.05828	1.03297	1.00407	0.970465	0.929669	0.885696	0.835901	0.789039	0.736753	0.680921	0.624395	0.571941	0.51806	0.468071	0.421009	0.373756	0.329295	0.292252	0.255762	0.220987	0.18962	0.163625	0.139973	0.118722	0.100589	0.0849413	0.0696111	
DY1
0.40572	0.523094	0.613784	0.690993	0.78522	0.880541	0.969695	1.05664	1.13075	1.18696	1.21842	1.2338	1.232	1.21588	1.20045	1.18204	1.16287	1.1456	1.1344	1.12433	1.11351	1.10295	1.09149	1.0768	1.05754	1.03373	1.00419	0.968084	0.931151	0.885302	0.839127	0.786687	0.735345	0.680831	0.62496	0.573522	0.51708	0.469568	0.4187	0.374174	0.331104	0.291349	0.254873	0.221689	0.190957	0.164079	0.140211	0.118802	0.100039	0.0845501	0.0701961	
DY2
0.432764	0.525728	0.606664	0.69157	0.778219	0.873648	0.967433	1.05493	1.13128	1.18661	1.22021	1.23357	1.23172	1.21941	1.20034	1.18187	1.1618	1.14611	1.13418	1.12161	1.1132	1.10264	1.09099	1.0759	1.05825	1.03513	1.00583	0.969317	0.929863	0.882689	0.837922	0.787432	0.737285	0.680469	0.624393	0.574474	0.520157	0.469579	0.420512	0.374351	0.332334	0.290621	0.25308	0.221521	0.190708	0.163766	0.140534	0.11866	0.100612	0.0841596	0.0710869	
DY3
0.412749	0.541121	0.596785	0.691402	0.785058	0.882512	0.975008	1.05857	1.12825	1.18919	1.21955	1.23251	1.23311	1.2196	1.19996	1.17861	1.16342	1.14793	1.13388	1.12512	1.11059	1.10555	1.0934	1.07676	1.05804	1.03364	1.00301	0.968652	0.929403	0.882632	0.836108	0.788913	0.733351	0.680604	0.626276	0.571165	0.519087	0.469653	0.420491	0.372616	0.330452	0.292618	0.255002	0.220509	0.190689	0.163222	0.140974	0.117869	0.100555	0.0843973	0.0699131	
DY4
0.418864	0.544141	0.616227	0.682838	0.786062	0.862869	0.962452	1.0566	1.13028	1.18581	1.22246	1.22861	1.23043	1.21802	1.20564	1.18087	1.16277	1.14801	1.13511	1.12312	1.11384	1.10353	1.09067	1.07662	1.05839	1.03434	0.999655	0.966013	0.929063	0.884701	0.838518	0.788335	0.735554	0.681195	0.627121	0.573751	0.518466	0.469495	0.423251	0.373739	0.327849	0.291329	0.2568	0.220734	0.193645	0.163097	0.140004	0.118675	0.10054	0.0831965	0.0731473	
DYEE-powheg
0.418721	0.529311	0.605983	0.696675	0.783517	0.875504	0.968151	1.05675	1.13214	1.18399	1.21941	1.23204	1.22963	1.22028	1.20136	1.18055	1.16257	1.14767	1.13308	1.12191	1.11541	1.10177	1.09054	1.07594	1.0589	1.03329	1.00512	0.970031	0.930204	0.884734	0.838742	0.786844	0.736109	0.67951	0.625124	0.572528	0.520248	0.468966	0.420281	0.373063	0.330521	0.291574	0.254563	0.220744	0.192148	0.1638	0.140562	0.119355	0.101527	0.0847056	0.0710742	
DYMUMU-powheg
0.432441	0.524742	0.608286	0.696265	0.785038	0.877027	0.970914	1.05794	1.12941	1.18773	1.21717	1.23114	1.2307	1.21936	1.20117	1.18042	1.16277	1.14799	1.13274	1.12398	1.11228	1.10329	1.09166	1.07623	1.05694	1.03348	1.00473	0.968843	0.930152	0.886145	0.838249	0.786995	0.734648	0.68087	0.626511	0.573019	0.520523	0.467934	0.420194	0.374108	0.330911	0.291221	0.254747	0.220887	0.19146	0.163997	0.139686	0.119077	0.100654	0.0849512	0.0708936	
DYTAUTAU-powheg
0.457585	0.52655	0.6063	0.697077	0.782543	0.873211	0.970487	1.05545	1.13085	1.18782	1.22001	1.23351	1.23213	1.2164	1.2022	1.18299	1.16373	1.14497	1.13543	1.12337	1.11349	1.10234	1.09126	1.07719	1.05684	1.03359	1.00502	0.967674	0.929332	0.88641	0.836825	0.786502	0.734388	0.68053	0.625853	0.571548	0.518663	0.46794	0.420321	0.375914	0.330879	0.29114	0.254487	0.222022	0.190336	0.164178	0.140228	0.119175	0.10094	0.083989	0.0710427	
WJets
0.422942	0.512875	0.600918	0.694926	0.779033	0.878049	0.968965	1.05701	1.1314	1.18459	1.21883	1.23378	1.23019	1.21817	1.20001	1.18107	1.16252	1.14768	1.13402	1.12194	1.11217	1.10301	1.09227	1.07767	1.05785	1.03303	1.00468	0.969711	0.930123	0.886073	0.839098	0.7874	0.733815	0.681146	0.62599	0.571856	0.520295	0.469059	0.420186	0.373347	0.331361	0.29068	0.254596	0.22052	0.191588	0.164228	0.140087	0.119848	0.100582	0.084674	0.0707371	
TTJetsSemiLept
0.438663	0.533781	0.614968	0.685792	0.783642	0.874685	0.9682	1.05924	1.12915	1.18642	1.21996	1.23227	1.23195	1.21759	1.20203	1.18003	1.16313	1.14696	1.13384	1.1213	1.11311	1.10405	1.09351	1.07517	1.05722	1.0347	1.00641	0.969983	0.927755	0.886419	0.838512	0.786161	0.734654	0.680531	0.624578	0.573403	0.517915	0.466639	0.421769	0.374882	0.331261	0.291079	0.253308	0.220955	0.192678	0.164163	0.14064	0.118744	0.100181	0.0852323	0.0706807	
TTJetsFullLept
0.43575	0.501324	0.61309	0.690667	0.783522	0.877126	0.964376	1.05768	1.13002	1.18917	1.2204	1.22897	1.23231	1.22132	1.20241	1.18077	1.15993	1.14482	1.13275	1.12196	1.11414	1.10481	1.09128	1.07512	1.05919	1.0322	1.00134	0.969953	0.929967	0.886144	0.836516	0.788632	0.735147	0.681551	0.628948	0.571906	0.523453	0.468896	0.418497	0.374499	0.331273	0.291304	0.253237	0.220635	0.192314	0.164063	0.139358	0.118652	0.102382	0.0860134	0.0714614	
TTJetsHadronic
0.391155	0.5373	0.603939	0.690288	0.778674	0.87678	0.969257	1.05845	1.13273	1.18553	1.22057	1.23231	1.22874	1.22269	1.19854	1.18212	1.16296	1.14827	1.13353	1.12547	1.11291	1.10128	1.09041	1.07693	1.05829	1.0325	1.00503	0.970725	0.928928	0.882946	0.837758	0.785074	0.736336	0.680311	0.626618	0.571716	0.518347	0.467607	0.420485	0.37345	0.332	0.291251	0.254077	0.224356	0.192709	0.164622	0.138248	0.12006	0.100732	0.0848218	0.0693356	
T-W
0.993149	0.509922	0.59204	0.679021	0.747828	0.856355	0.959485	1.05925	1.14358	1.1645	1.19933	1.20828	1.22021	1.21222	1.20142	1.19821	1.17909	1.15291	1.14204	1.13321	1.10501	1.0916	1.09537	1.09113	1.05977	1.03461	1.00365	0.959721	0.942156	0.885137	0.830789	0.783843	0.729761	0.679576	0.642391	0.560822	0.516174	0.471423	0.421757	0.380109	0.325647	0.291254	0.255758	0.218033	0.187313	0.160885	0.140757	0.121288	0.10619	0.0823818	0.0673676	
Tbar-W
0.393859	0.556112	0.575348	0.709855	0.757931	0.905684	0.937202	1.02451	1.14583	1.19043	1.21197	1.24228	1.25337	1.22734	1.20426	1.17491	1.1684	1.14524	1.13336	1.12837	1.12087	1.10197	1.08456	1.07075	1.04702	1.03094	1.00354	0.967414	0.922934	0.897471	0.846036	0.793521	0.737183	0.68939	0.617744	0.56826	0.508137	0.472853	0.415777	0.363704	0.328182	0.285616	0.256614	0.222627	0.195546	0.157237	0.14162	0.124217	0.0974184	0.090024	0.0688005	
T-s
0.414956	0.505086	0.665465	0.655384	0.769081	0.88413	0.97359	1.06365	1.11219	1.1763	1.20487	1.23651	1.24861	1.216	1.19529	1.17241	1.17014	1.14722	1.13386	1.126	1.10176	1.0987	1.09449	1.08344	1.06254	1.03615	1.00894	0.978844	0.936526	0.867828	0.836771	0.770798	0.738715	0.691355	0.63214	0.576238	0.509877	0.465759	0.427725	0.366876	0.336577	0.282983	0.263195	0.221125	0.185418	0.165446	0.145028	0.126944	0.107268	0.08286	0.0682574	
Tbar-s
0	0.60684	0.531834	0.670425	0.766628	0.872293	0.951325	1.05125	1.08358	1.17841	1.19759	1.244	1.20938	1.2266	1.20601	1.18759	1.1744	1.16657	1.13681	1.11229	1.09949	1.09452	1.09207	1.07907	1.03965	1.0321	0.995008	0.975202	0.949238	0.890795	0.831132	0.787938	0.744079	0.667432	0.638441	0.591795	0.520999	0.48148	0.413913	0.383091	0.331543	0.279651	0.264729	0.217562	0.193899	0.169873	0.153036	0.11788	0.0907542	0.0841673	0.0841888	
T-t
0.441098	0.522854	0.609983	0.685418	0.789051	0.865209	0.97441	1.05424	1.13502	1.18137	1.21573	1.23312	1.2307	1.21932	1.19765	1.18284	1.15988	1.14785	1.14019	1.12379	1.1115	1.1	1.08792	1.07949	1.05954	1.03535	1.00491	0.971219	0.926577	0.882897	0.837879	0.786692	0.732953	0.679311	0.62431	0.573491	0.524517	0.470904	0.422167	0.373223	0.330646	0.294081	0.252235	0.221601	0.193386	0.1638	0.14191	0.117341	0.101372	0.0853793	0.0691833	
Tbar-t
0.428995	0.514293	0.659505	0.713853	0.772216	0.876408	0.974155	1.05077	1.14106	1.18465	1.23167	1.23596	1.23462	1.21726	1.19542	1.18469	1.15771	1.1445	1.13948	1.12735	1.10933	1.09789	1.09134	1.0733	1.0529	1.03437	0.999635	0.963157	0.932719	0.888234	0.838289	0.785989	0.736061	0.686451	0.629536	0.572079	0.517135	0.468974	0.419896	0.374457	0.335469	0.289246	0.256171	0.221443	0.189779	0.162771	0.142553	0.117411	0.101857	0.087527	0.0726522	
WW
0.461347	0.518843	0.601413	0.689557	0.780567	0.870136	0.973315	1.05378	1.13091	1.18181	1.22032	1.23298	1.2306	1.21917	1.20078	1.18369	1.1618	1.14829	1.13335	1.12343	1.11432	1.10446	1.09209	1.07694	1.05598	1.03369	1.00196	0.971217	0.930108	0.884954	0.837107	0.786678	0.736395	0.680261	0.624311	0.570624	0.519384	0.469329	0.421092	0.3726	0.3295	0.291926	0.25436	0.221298	0.191223	0.16485	0.140832	0.120131	0.10034	0.0852994	0.0704268	
WZ
0.456059	0.537124	0.607441	0.695854	0.791645	0.869159	0.96278	1.06352	1.11922	1.18848	1.21961	1.23154	1.22883	1.22034	1.2052	1.17995	1.16134	1.14639	1.13383	1.1226	1.11284	1.10092	1.09297	1.07644	1.05506	1.03532	1.00414	0.971561	0.929507	0.883901	0.840219	0.786238	0.734096	0.681336	0.625869	0.572298	0.52156	0.470275	0.420222	0.374505	0.331976	0.292949	0.254496	0.220812	0.19085	0.166229	0.139475	0.119258	0.10017	0.0836121	0.0717979	
ZZ
0.365478	0.525368	0.608141	0.709821	0.783417	0.882932	0.970838	1.0517	1.12796	1.18213	1.21778	1.23644	1.22788	1.21807	1.20356	1.17942	1.16344	1.1437	1.13546	1.12428	1.11066	1.10133	1.09239	1.07428	1.056	1.03813	1.00468	0.969602	0.930847	0.887214	0.838712	0.788455	0.732994	0.682951	0.627165	0.57312	0.520488	0.469621	0.419242	0.374132	0.329173	0.291698	0.253568	0.220236	0.191766	0.163724	0.140852	0.11961	0.100619	0.0845898	0.0710272	
QCD100
0.440134	0.514292	0.609544	0.694157	0.780139	0.875089	0.968856	1.05413	1.13001	1.18439	1.21826	1.23357	1.22933	1.21854	1.20109	1.18124	1.16264	1.1482	1.13551	1.1241	1.11235	1.10221	1.09082	1.0767	1.05673	1.03425	1.00498	0.969846	0.929772	0.885195	0.838094	0.787843	0.734147	0.679948	0.626331	0.572951	0.520537	0.469271	0.419594	0.374068	0.331603	0.290916	0.254147	0.221395	0.190787	0.164251	0.140095	0.119627	0.10019	0.0845887	0.0708252	
QCD250
0.453744	0.533702	0.597919	0.68525	0.784234	0.87626	0.968623	1.05555	1.12887	1.18736	1.22081	1.2322	1.2302	1.21894	1.20097	1.17966	1.16432	1.14864	1.13344	1.12371	1.1127	1.10305	1.09046	1.07732	1.0583	1.0334	1.00254	0.96911	0.930549	0.885967	0.837628	0.787008	0.734006	0.680602	0.626989	0.571957	0.51857	0.468345	0.420893	0.37452	0.332575	0.290469	0.253948	0.220779	0.190925	0.164534	0.140631	0.119185	0.100838	0.0854116	0.0705146	
QCD500
0.42033	0.521659	0.61387	0.692064	0.785999	0.874565	0.968177	1.05568	1.12771	1.18509	1.21868	1.23205	1.23351	1.21668	1.20119	1.18333	1.16287	1.14984	1.13497	1.12241	1.11215	1.10341	1.09108	1.07576	1.05846	1.03324	1.00348	0.970244	0.929982	0.885119	0.838515	0.787354	0.734117	0.679897	0.625568	0.572304	0.520481	0.467713	0.419019	0.373366	0.330994	0.290859	0.25325	0.222488	0.19083	0.164311	0.140233	0.119562	0.100043	0.0852386	0.0712087	
QCD1000
0.502223	0.542441	0.603876	0.694008	0.785728	0.874003	0.97	1.0574	1.12931	1.18725	1.21752	1.23289	1.22842	1.22059	1.19944	1.18092	1.16496	1.14578	1.13392	1.12432	1.11196	1.10356	1.0906	1.07864	1.05818	1.03539	1.00219	0.968378	0.927906	0.885353	0.838576	0.788265	0.733477	0.680345	0.627333	0.571887	0.521001	0.468699	0.419427	0.372748	0.331059	0.293444	0.253844	0.221723	0.191602	0.163413	0.140689	0.120306	0.100398	0.083957	0.0706547	
