EWKZ
0.631346	0.780832	0.882874	0.970205	1.06227	1.18579	1.25198	1.34773	1.40401	1.43274	1.44427	1.43262	1.40423	1.36508	1.32539	1.27867	1.24581	1.20584	1.18469	1.15193	1.12202	1.09912	1.07542	1.0394	1.00387	0.956361	0.910043	0.859951	0.807112	0.749148	0.691197	0.633895	0.573323	0.513595	0.457397	0.409556	0.362962	0.31318	0.27678	0.239308	0.20512	0.171396	0.145156	0.122781	0.104382	0.0864134	0.0723827	0.0589893	0.0477567	0.0387519	0.0322471	0.0263477	0.0206852	0.0163378	0.0131726	0.0103263	0.00837772	0.00601963	0.00504641	0.00404064	0.00333284	0.00240318	0.00208261	0.00154372	0.00120958	0.000966137	0.000765967	0.000662585	0.000420259	0.000451672	0.00035646	0.000232509	0.000575038	0.000238763	0.000299537	0.000189146	0.000360457	0.000115072	0.00014755	0	0	0	0	0	0	0	0	0	0	0	0	0	0	0	0	0	0	0	0	0	
EWKZRD
1.52914	1.23274	1.227	1.30494	1.19163	1.1873	1.15825	1.11978	1.09069	1.06192	1.03745	1.01901	1.00528	0.999616	0.996102	0.993641	1.00158	1.00343	1.00323	1.00887	1.01301	1.00887	1.00734	1.00529	0.999567	0.990583	0.984197	0.978667	0.969854	0.957368	0.947691	0.941531	0.92624	0.919909	0.904618	0.896984	0.88726	0.893664	0.878987	0.851979	0.852894	0.862831	0.816018	0.790681	0.776066	0.785828	0.764121	0.705915	0.691747	0.867141	0.643558	0.756843	0.922894	0.576616	0.547076	0.784355	0.379653	0.703603	0.431719	0.789829	0.479074	0.578525	0.174023	0	0.125138	0	0	0	0	0	0	0	0	0	0	0	0	0	0	0	0	0	0	0	0	0	0	0	0	0	0	0	0	0	0	0	0	0	0	0	
DY
0.626575	0.76858	0.897591	0.977499	1.07829	1.1773	1.26209	1.34637	1.40816	1.43516	1.44871	1.4336	1.40218	1.3646	1.32407	1.28349	1.2435	1.20897	1.18009	1.15149	1.12472	1.09949	1.0684	1.03632	0.999782	0.957607	0.911166	0.861167	0.806049	0.748983	0.689374	0.633746	0.576077	0.517241	0.461342	0.410558	0.361396	0.316871	0.276029	0.237456	0.203253	0.174083	0.147747	0.123853	0.102936	0.0860596	0.0713242	0.0583843	0.0477563	0.0390045	0.0309656	0.0253031	0.0201676	0.0162495	0.0128057	0.0102936	0.00813054	0.00638368	0.00500323	0.00400448	0.00315178	0.00242833	0.00185761	0.00153896	0.00117907	0.000977914	0.000751416	0.000610531	0.000477494	0.000384889	0.000336771	0.000273677	0.000230595	0.000236276	0.000173376	0.000200085	0.000230371	0.000106972	0.000150881	0.00032345	6.94883e-05	0.000134521	0.000130257	0	0.000108374	0	0	0	0	1.16907e-05	0	0	2.96417e-06	0	0	0	0	0	0	0	
DYRD
1.46367	1.2697	1.29241	1.25704	1.22695	1.19404	1.1611	1.12287	1.09472	1.06398	1.04173	1.02519	1.01312	1.00426	1.00105	1.00027	1.00275	1.00575	1.00814	1.00906	1.00922	1.0083	1.00643	1.00275	0.996128	0.987666	0.979914	0.974186	0.962713	0.949871	0.944175	0.931025	0.920431	0.913883	0.898908	0.888416	0.879174	0.865634	0.85427	0.843976	0.832815	0.82117	0.799245	0.788039	0.769014	0.758045	0.742086	0.705029	0.705531	0.681917	0.664423	0.674859	0.676595	0.618493	0.597855	0.556044	0.566503	0.602714	0.665666	0.579922	0.703508	0.991141	0.511097	2.1468	0.428778	0.77058	0	0	0.167597	0	0	0	0	0	0	0	0	0	0	0	0	0	0	0	0	0	0	0	0	0	0	0	0	0	0	0	0	0	0	0	
DY0
0.631716	0.762321	0.89881	0.973597	1.07574	1.1735	1.26217	1.34733	1.40917	1.43627	1.44727	1.43304	1.40321	1.36499	1.32556	1.28439	1.24379	1.21053	1.18	1.15308	1.12383	1.09811	1.06832	1.03605	1.00028	0.95714	0.910916	0.860996	0.80569	0.749013	0.689142	0.63361	0.575801	0.517562	0.461276	0.410424	0.360919	0.316432	0.27606	0.237611	0.202893	0.174458	0.147871	0.123707	0.102749	0.0858031	0.0710171	0.0582686	0.0477496	0.0389941	0.0309019	0.0252987	0.0201128	0.0163073	0.0129237	0.010221	0.00814761	0.00629739	0.00502658	0.0040283	0.00315401	0.00239398	0.00190583	0.00153916	0.00121958	0.000967782	0.000763228	0.000603459	0.00046631	0.000369368	0.000337034	0.000257183	0.000202555	0.000225469	0.000174926	0.000190793	0.000266637	0.000130956	0.000136432	0.000350971	7.54008e-05	9.7311e-05	9.4227e-05	0	7.83966e-05	0	0	0	0	0	0	0	2.14425e-06	0	0	0	0	0	0	0	
DY1
0.603385	0.776334	0.891438	0.977599	1.08113	1.18016	1.26597	1.34487	1.40445	1.44027	1.44615	1.43437	1.40493	1.36203	1.32273	1.28261	1.24367	1.20825	1.18009	1.15343	1.12596	1.09841	1.06949	1.03691	0.999578	0.957842	0.911024	0.858882	0.806973	0.748679	0.6918	0.63172	0.574699	0.517493	0.461692	0.411557	0.360236	0.317443	0.274546	0.237877	0.204008	0.173919	0.147356	0.1241	0.103474	0.0860414	0.0711379	0.0583075	0.0474883	0.0388144	0.0311616	0.0255771	0.0204693	0.0161466	0.0128854	0.0103627	0.00815033	0.00633113	0.00489519	0.00391052	0.00300433	0.00235438	0.00196955	0.00149846	0.00110378	0.000848427	0.000834796	0.000605783	0.000501161	0.000380157	0.00029468	0.000278058	0.000235033	0.000192738	0.000164861	0.00016965	0.000145487	0.000232226	0.00010828	0.000153202	0.000493697	0.000159289	0.000205655	4.42367e-05	8.55522e-05	2.75328e-05	3.53713e-05	2.2666e-05	0	0	0	3.70991e-06	0	0	0	0	0	0	0	0	
DY2
0.643599	0.780237	0.88109	0.978406	1.07148	1.17091	1.26301	1.34269	1.40509	1.43984	1.44826	1.4341	1.4046	1.36597	1.32261	1.28242	1.24251	1.20878	1.17986	1.15064	1.12563	1.0981	1.06899	1.03603	1.00024	0.959128	0.9125	0.859968	0.80585	0.746463	0.6908	0.632313	0.57621	0.517213	0.46127	0.412237	0.362376	0.317448	0.275732	0.237987	0.204763	0.173483	0.146319	0.124005	0.103338	0.0858765	0.071301	0.0582372	0.04776	0.0386349	0.0315567	0.0253084	0.0204334	0.0162874	0.013012	0.0103359	0.00803011	0.00623662	0.00506437	0.00395704	0.00314747	0.00241726	0.0018347	0.001531	0.00113792	0.00100152	0.000712974	0.0006621	0.000551557	0.00039192	0.000334251	0.000272913	0.000263658	0.00021019	0.000193891	0.00018099	0.000165272	0.000168836	0.000154635	0.000116024	7.47781e-05	0.000144761	0	0	0	2.50216e-05	0	0	0	0	0	0	0	0	0	0	0	0	0	0	
DY3
0.613831	0.803078	0.866738	0.978165	1.08089	1.18279	1.27289	1.34731	1.40133	1.44296	1.44747	1.43285	1.40618	1.36619	1.32218	1.27887	1.24424	1.21069	1.17954	1.15423	1.12298	1.10099	1.07135	1.03686	1.00004	0.957745	0.909937	0.859375	0.805448	0.746411	0.689302	0.633499	0.573133	0.517314	0.462659	0.409861	0.361629	0.317496	0.275716	0.236883	0.203603	0.174674	0.147429	0.123438	0.103327	0.0855905	0.071524	0.057849	0.0477323	0.0387438	0.0310356	0.0250784	0.0200461	0.0167141	0.013252	0.0104377	0.00798385	0.00631547	0.00512481	0.00396516	0.00309464	0.00245511	0.00196338	0.00140143	0.00125054	0.000938317	0.000708146	0.000631831	0.000415147	0.000378832	0.000344762	0.000233174	0.000197816	0.000211909	0.000332311	0.000262302	0.00044433	0.000212772	0.000136412	0.00017546	0.000226169	4.86484e-05	0	0	0	0	1.62041e-05	0	0	0	0	0	0	0	0	0	0	0	0	0	
DY4
0.622928	0.807565	0.89498	0.966054	1.08228	1.15647	1.25651	1.3448	1.40386	1.43886	1.45093	1.42833	1.40314	1.36442	1.32844	1.28132	1.24356	1.21078	1.18083	1.15218	1.12627	1.09898	1.06868	1.03673	1.00037	0.958402	0.9069	0.857038	0.805158	0.748165	0.691293	0.633039	0.574858	0.517766	0.463285	0.411719	0.361199	0.317391	0.277528	0.237599	0.202	0.173905	0.148469	0.123565	0.104929	0.0855258	0.0710325	0.058245	0.0477256	0.0381928	0.0324715	0.0251907	0.0205816	0.0164034	0.0130219	0.0101706	0.00790083	0.00614706	0.00490556	0.0040977	0.00319507	0.00241332	0.00204924	0.00152461	0.0012291	0.00098173	0.000830268	0.00057249	0.000424469	0.000464334	0.000325643	0.000228473	0.00023544	0.000219954	0.000193159	0.00030493	0.000129135	0.000164901	0.000158581	0.000101988	0	8.48319e-05	0	0	0	0	0	0	0	0	1.56074e-06	0	0	0	0	0	0	0	0	0	
WJets
0.628997	0.761167	0.872752	0.983162	1.07261	1.17682	1.26502	1.34533	1.40526	1.43739	1.44664	1.43435	1.40287	1.36459	1.32225	1.28155	1.2433	1.21045	1.1797	1.15099	1.1246	1.09847	1.07025	1.03775	0.999865	0.957194	0.911467	0.860325	0.806082	0.74933	0.691776	0.632293	0.573503	0.517732	0.462452	0.410361	0.362476	0.317099	0.27552	0.237351	0.204165	0.173519	0.147196	0.123446	0.103816	0.0861193	0.0710752	0.058821	0.0477458	0.0388713	0.0314017	0.0252553	0.020291	0.0162767	0.0129661	0.0102363	0.00808054	0.00637121	0.00493969	0.00389535	0.00308547	0.00244041	0.0019832	0.00154835	0.00119882	0.000910796	0.000783143	0.000626567	0.000499282	0.000435557	0.000377503	0.000304111	0.000237039	0.000233234	0.000152717	0.000159327	0.000162408	0.000148628	0.000142932	0.000131319	0.00011849	9.55758e-05	9.87165e-05	0.00010617	2.28144e-05	2.64321e-05	0	0	0	0	0	0	0	0	0	0	0	0	0	0	
W0Jets
0.615421	0.766932	0.872401	0.985924	1.07264	1.17644	1.26663	1.34561	1.40412	1.43846	1.44641	1.43414	1.40281	1.36513	1.32166	1.28057	1.24333	1.2099	1.18029	1.15178	1.12435	1.09902	1.07021	1.03828	0.999492	0.956851	0.911464	0.860608	0.805469	0.749015	0.692033	0.632432	0.573553	0.517487	0.462584	0.410466	0.362465	0.316851	0.275957	0.237407	0.203828	0.173548	0.147229	0.123294	0.103848	0.0860855	0.0712399	0.0588077	0.0477531	0.0389048	0.0315545	0.0252945	0.0202814	0.0162972	0.0129622	0.0102118	0.00803145	0.00634233	0.00493362	0.00386671	0.00305238	0.00240586	0.0019203	0.00152978	0.00123422	0.000913479	0.000796261	0.000612733	0.000493166	0.000448954	0.00037646	0.000302924	0.00022101	0.000237326	0.000145522	0.00014348	0.000179144	0.000138209	0.000177217	0.000124334	9.79412e-05	9.48009e-05	0.000122395	7.89823e-05	2.18213e-05	2.45792e-05	0	0	0	0	0	0	0	0	0	0	0	0	0	0	
W1Jets
0.644778	0.768218	0.874332	0.977966	1.07079	1.17236	1.2661	1.34447	1.39884	1.43942	1.44465	1.43405	1.40372	1.36497	1.32443	1.28163	1.24431	1.21084	1.18022	1.15038	1.12706	1.09534	1.0684	1.03687	0.999963	0.956984	0.91194	0.860846	0.804761	0.748861	0.691189	0.63214	0.574318	0.519421	0.463367	0.410516	0.363374	0.317131	0.275287	0.237666	0.203926	0.17411	0.147372	0.124444	0.103166	0.0861842	0.0711798	0.0582314	0.0475427	0.0385957	0.0315245	0.0253782	0.0197805	0.016088	0.0130861	0.0102278	0.00805232	0.00625385	0.00505498	0.00394655	0.00303941	0.00241229	0.00206707	0.00149914	0.00120507	0.00102353	0.000796136	0.000643451	0.000493544	0.000406309	0.00038589	0.00035246	0.000251688	0.000218229	0.000240734	0.000157443	0.000175024	0.000148999	0.000114631	9.21529e-05	0.000475143	7.66515e-05	0.000197926	6.38613e-05	8.2337e-05	5.29962e-05	0	2.18141e-05	0	0	0	0	0	0	0	0	0	0	0	0	
W2Jets
0.602174	0.776603	0.898075	0.980221	1.07506	1.17365	1.26837	1.34745	1.4034	1.43684	1.44558	1.43209	1.40234	1.36465	1.3235	1.2812	1.24368	1.20973	1.17852	1.15237	1.12616	1.09895	1.06949	1.03647	0.998651	0.957583	0.911167	0.86075	0.805725	0.749126	0.691439	0.633123	0.574874	0.518103	0.463035	0.409834	0.363153	0.316431	0.27497	0.237871	0.202707	0.174335	0.147466	0.123732	0.103976	0.0861854	0.0709776	0.0588156	0.0479515	0.038958	0.0312447	0.0254922	0.020443	0.0162806	0.0128175	0.010076	0.00799778	0.00638676	0.0048919	0.00397838	0.0030352	0.00248971	0.00194565	0.00142233	0.00125242	0.000931085	0.000739169	0.000617944	0.000518067	0.000361811	0.00032187	0.000281866	0.000260458	0.0002502	0.000210446	0.000139217	0.000106123	0.0001581	0.000116955	0.000139688	0.000126041	5.80953e-05	6.56298e-05	0.000169405	0	0	4.51516e-05	0	1.84898e-05	0	0	0	0	0	0	0	0	0	0	0	
W3Jets
0.607054	0.793087	0.878656	0.987239	1.068	1.16896	1.26531	1.35035	1.39596	1.43742	1.44936	1.43324	1.40138	1.36524	1.32239	1.28142	1.24443	1.21212	1.18089	1.15157	1.12713	1.09937	1.07077	1.03651	0.996394	0.959244	0.909471	0.858184	0.805744	0.750143	0.691701	0.631884	0.573434	0.51799	0.462254	0.410189	0.363606	0.316953	0.275597	0.237379	0.203272	0.173969	0.14696	0.123779	0.102744	0.086124	0.0710184	0.0585281	0.047711	0.0391854	0.0319071	0.0253211	0.020379	0.0162868	0.0129191	0.0101824	0.00818398	0.00631599	0.00500698	0.0039214	0.00310154	0.00237297	0.00192704	0.00150663	0.00119197	0.000961562	0.000822894	0.000688117	0.00052744	0.000449941	0.000301031	0.000253797	0.000213984	0.000236453	0.000208996	0.00014517	0.000204927	0.000130842	0.000251656	0.000161846	0.00010431	0.000100966	6.51774e-05	0	0	3.49035e-05	0	0	0	0	0	0	0	0	0	0	0	0	0	0	
W4Jets
0.610942	0.775532	0.869905	0.990059	1.07297	1.16892	1.26162	1.3463	1.40987	1.43813	1.44526	1.43394	1.40201	1.36358	1.32387	1.28076	1.24489	1.20908	1.18028	1.15243	1.12426	1.09889	1.06967	1.0361	0.997787	0.957591	0.909466	0.860446	0.806807	0.746428	0.692224	0.633354	0.573613	0.517221	0.464756	0.411537	0.362228	0.31723	0.274943	0.238326	0.205044	0.173213	0.147054	0.124041	0.10366	0.0869917	0.0703619	0.0586742	0.0476963	0.0395553	0.0314386	0.0255565	0.0202111	0.0162323	0.0131166	0.0100578	0.00833271	0.00635983	0.00510429	0.0039702	0.00314494	0.00241264	0.00195029	0.00152876	0.00120251	0.000989977	0.000695339	0.000575715	0.0005375	0.00036296	0.000418855	0.000355615	0.000252052	0.000207622	0.000269152	0.000134178	0.000115676	0.000344665	0.000132583	0.000142112	6.8694e-05	0.000177311	0	0	0	0	0	0	0	0	0	0	0	0	0	0	0	0	0	0	
TTJetsSemiLept
0.65238	0.792198	0.893161	0.970246	1.07896	1.17232	1.26402	1.34818	1.40247	1.43962	1.44798	1.4326	1.40489	1.36396	1.32448	1.28043	1.24395	1.20969	1.17952	1.15033	1.12555	1.09951	1.07148	1.03535	0.999283	0.958744	0.913044	0.860571	0.804034	0.749627	0.691297	0.631301	0.574162	0.517268	0.461412	0.411474	0.36082	0.315464	0.276559	0.238328	0.204105	0.173759	0.146452	0.12369	0.104406	0.0860856	0.0713558	0.0582796	0.0475557	0.0391278	0.0313769	0.0252315	0.0204229	0.016184	0.0129357	0.0102216	0.00802306	0.00654607	0.0049042	0.00391605	0.00314454	0.00240353	0.0018922	0.00147177	0.00118674	0.000879246	0.000742323	0.000592646	0.000524061	0.000408053	0.000381689	0.000285913	0.000209445	0.000218201	0.000215082	0.000153341	0.00023228	0.000128532	0.000123606	0.000132491	6.40431e-05	0	0.000213422	3.44306e-05	8.87835e-05	0	3.67073e-05	0	0	0	0	0	0	0	0	0	0	0	0	0	
TTJetsFullLept
0.648035	0.744012	0.890415	0.977122	1.07877	1.17556	1.25901	1.34617	1.40352	1.44292	1.44848	1.42874	1.40526	1.3681	1.32487	1.28121	1.24051	1.20741	1.17836	1.15099	1.12657	1.10025	1.06927	1.03527	1.00112	0.956409	0.908421	0.860526	0.805934	0.749379	0.689636	0.633272	0.574535	0.518032	0.46463	0.410391	0.36467	0.316983	0.274408	0.238079	0.204108	0.173889	0.146408	0.123508	0.104207	0.0860315	0.0707039	0.0582331	0.0485998	0.0394855	0.0317228	0.0256939	0.0205434	0.0161664	0.0130498	0.0102188	0.00798547	0.00629615	0.00494592	0.0040021	0.00311717	0.00249217	0.0019568	0.00145213	0.00131416	0.000940798	0.000753029	0.00050951	0.000446566	0.000364266	0.000428697	0.000241954	0.000356737	0.000144419	0.000164708	0.000127119	0.000121126	0.00023201	0.000198328	0.00012755	6.16547e-05	0.000159141	5.13658e-05	0	4.27362e-05	0	0	0	0	0	0	0	0	0	0	0	0	0	0	0	
TTJetsHadronic
0.608194	0.788651	0.878149	0.978848	1.0783	1.17164	1.26566	1.34699	1.4033	1.43759	1.44686	1.43296	1.40203	1.36476	1.32237	1.28244	1.24446	1.21028	1.1797	1.15263	1.12686	1.09779	1.07043	1.03615	0.999988	0.958278	0.91181	0.860016	0.805538	0.74814	0.691088	0.630795	0.574644	0.517371	0.462288	0.410257	0.361881	0.317399	0.275414	0.237597	0.204034	0.173787	0.146773	0.12412	0.103942	0.0864633	0.0708777	0.0582162	0.0477571	0.0389197	0.0312709	0.0253413	0.0201353	0.0164271	0.0127879	0.010161	0.00797093	0.00628015	0.00502022	0.00394807	0.00309792	0.00235108	0.00189246	0.00150945	0.00121968	0.000919513	0.000755169	0.000598843	0.000502817	0.000384841	0.000308938	0.000281924	0.00027099	0.000230857	0.000182586	0.000203985	0.000168452	0.000169821	0.00012929	0.000120945	0.000142907	9.22168e-05	8.92942e-05	0.000230488	4.95284e-05	9.56368e-05	0	3.93657e-05	2.51567e-05	0	0	0	0	0	0	0	0	0	0	0	
T-W
1.47672	0.756637	0.859689	0.960473	1.02944	1.14752	1.2524	1.34792	1.4201	1.41274	1.42321	1.40444	1.39122	1.35767	1.32355	1.2999	1.26077	1.21572	1.18781	1.16232	1.11714	1.08689	1.07308	1.0505	1.00149	0.958465	0.910355	0.851295	0.816351	0.748393	0.684792	0.629313	0.570223	0.516438	0.474476	0.402365	0.359534	0.318635	0.276496	0.241602	0.200606	0.173828	0.147839	0.12203	0.101479	0.0843496	0.0714011	0.0595161	0.0503981	0.0378116	0.0299001	0.0287862	0.0223467	0.0169035	0.0133646	0.0116725	0.00786119	0.00533101	0.00422373	0.00368479	0.00298003	0.00323879	0.00157986	0.00219225	0.00161669	0.000968483	0.000838921	0.000412605	0.000684579	0.000415038	0.000337474	0.000207176	0	0	0.000150132	0	0	0	0	0	0	0	0	0	0	0	0	0	0	0	0	0	0	0	0	0	0	0	0	0	
Tbar-W
0.585704	0.825279	0.835557	1.00421	1.04348	1.21377	1.22346	1.30388	1.42308	1.44438	1.4384	1.44413	1.42921	1.37477	1.32684	1.27479	1.2495	1.20778	1.17893	1.1575	1.13331	1.09736	1.06263	1.03101	0.989565	0.955186	0.910373	0.858227	0.799797	0.758917	0.697447	0.637163	0.576095	0.523962	0.456329	0.407753	0.353981	0.319642	0.27261	0.231205	0.202193	0.170485	0.148353	0.124617	0.105953	0.0824479	0.0718476	0.0609609	0.046241	0.0413244	0.0305399	0.0277662	0.0204056	0.0153642	0.0126208	0.0110831	0.00948377	0.00562434	0.005075	0.00404718	0.00332425	0.00234986	0.00156653	0.0013912	0.00130248	0.000960313	0.000831844	0.000450037	0.000271522	0.000823073	0.000200776	0.000308143	0	0.000237323	0	9.40028e-05	0	0	0	0	0	0	0	0	0	0	0	0	0	0	0	0	0	0	0	0	0	0	0	0	
T-s
0.617113	0.749599	0.966487	0.927209	1.05889	1.18496	1.27104	1.35378	1.38138	1.42732	1.43005	1.43751	1.42386	1.36215	1.31703	1.27214	1.25143	1.20995	1.17952	1.15514	1.11406	1.09416	1.07241	1.04329	1.00429	0.960068	0.915323	0.868417	0.811622	0.733893	0.689849	0.618954	0.577326	0.525486	0.466991	0.413501	0.355213	0.314864	0.28046	0.233235	0.207377	0.168923	0.152166	0.123783	0.100471	0.0867569	0.0735809	0.0623031	0.0509191	0.0380381	0.0303006	0.0281407	0.0213791	0.0155655	0.0114618	0.010359	0.00821288	0.00712254	0.00428781	0.00384963	0.00280201	0.00338369	0.00169638	0.00101792	0.00219572	0.00131535	0.000394404	0.000296356	0.000715205	0.000433605	0.000528857	8.11669e-05	0.000200741	0	0	0	0	0	0	0	5.33752e-06	0	0	0	0	0	0	0	0	0	0	0	0	0	0	0	0	0	0	0	
Tbar-s
0	0.900374	0.772202	0.948237	1.05524	1.16878	1.24164	1.33764	1.34549	1.42949	1.42103	1.44584	1.37876	1.37366	1.3285	1.28827	1.25566	1.23003	1.18227	1.14076	1.11147	1.08971	1.06976	1.03881	0.982393	0.956065	0.902442	0.864957	0.822421	0.753115	0.685019	0.63255	0.581364	0.507168	0.471521	0.424553	0.362866	0.325406	0.271331	0.243478	0.204221	0.166889	0.153012	0.121756	0.105039	0.089055	0.0776235	0.057839	0.0430688	0.038628	0.0373629	0.0281589	0.022272	0.0150282	0.0113285	0.0097873	0.00949464	0.00664746	0.00941254	0.00574008	0.00323298	0.00390411	0.00182681	0.00197313	0.00197045	0.00354121	0.00106182	0	0	0.000233472	0.000284759	0.000174815	5.40436e-05	0	2.11135e-05	2.66647e-05	0	0	0	0	0	0	0	0	0	0	0	0	0	0	0	0	0	0	0	0	0	0	0	0	
T-t
0.655995	0.775974	0.885913	0.969706	1.0864	1.1596	1.27212	1.34181	1.40974	1.43348	1.44295	1.43358	1.40344	1.36588	1.31964	1.28347	1.24047	1.21061	1.18611	1.15288	1.12391	1.09547	1.06599	1.03949	1.00147	0.959337	0.91167	0.861659	0.803005	0.746641	0.690767	0.631721	0.572826	0.516335	0.461209	0.411533	0.365415	0.318344	0.276817	0.237271	0.203724	0.175549	0.14583	0.12405	0.104789	0.0858944	0.0719996	0.0575901	0.0481209	0.0391949	0.0307118	0.0252837	0.0202039	0.0159204	0.0131853	0.0100343	0.00871104	0.00629192	0.00478919	0.00427193	0.00302302	0.00257461	0.00200654	0.00129847	0.00113369	0.00108045	0.000863916	0.000634725	0.000422026	0.000522382	0.000318568	0.000361052	0.00024184	0.000164316	0.00010307	0.000238644	6.49695e-05	7.2593e-05	0	0.000119726	0	0	0	0	0	0	0	0	0	0	0	0	0	0	0	0	0	0	0	0	
Tbar-t
0.638	0.763274	0.957844	1.00994	1.06322	1.17462	1.2718	1.33741	1.41726	1.43747	1.46187	1.43689	1.40793	1.36358	1.3172	1.28548	1.23815	1.20709	1.18539	1.15653	1.12173	1.09337	1.06934	1.03354	0.995191	0.958437	0.906891	0.854512	0.808334	0.75116	0.691111	0.631161	0.57526	0.521766	0.465073	0.410523	0.360275	0.317042	0.275331	0.238057	0.206697	0.172664	0.148107	0.123963	0.102836	0.0853558	0.0723265	0.0576249	0.0483512	0.0401811	0.032252	0.0243302	0.0201185	0.0170037	0.0129916	0.0099049	0.00801221	0.0065798	0.00514167	0.00398301	0.0033283	0.00212251	0.00208525	0.00154986	0.00136203	0.00106425	0.000638222	0.000802178	0.000560397	0.000403454	0.000357878	0.000604182	0.000249042	0.000155108	0.000583767	0.000122875	0.000234165	0.00014951	0	0	0	0	0	0	0	0	0	0	0	0	0	0	0	0	0	0	0	0	0	0	
WW
0.686118	0.77003	0.873477	0.975574	1.07473	1.16622	1.2707	1.34124	1.40466	1.43403	1.44841	1.43343	1.40335	1.36572	1.32311	1.28441	1.24253	1.2111	1.17901	1.15252	1.12678	1.09993	1.07009	1.03705	0.998104	0.957809	0.909007	0.861667	0.806075	0.748389	0.690139	0.631717	0.575523	0.517063	0.461215	0.409481	0.361843	0.317284	0.276116	0.236878	0.203021	0.174264	0.147061	0.123882	0.103618	0.0864462	0.0714533	0.0589603	0.0476312	0.0391587	0.0312642	0.0251115	0.0203295	0.0161527	0.0131151	0.0103463	0.0081526	0.00622447	0.00515461	0.00400247	0.0031004	0.00254564	0.0017532	0.00141821	0.00111434	0.00089085	0.000680372	0.000521167	0.000482688	0.000444809	0.000369902	0.000337557	0.000234009	0.000300599	0.000177465	0.000190505	0.00017288	9.6583e-05	0.000247685	0.000318584	5.13322e-05	0	8.55319e-05	0	0	0	0	0	0	0	0	0	0	0	0	0	0	0	0	0	
WZ
0.678267	0.797179	0.882251	0.984503	1.09	1.16494	1.25698	1.35366	1.39017	1.44216	1.4476	1.43178	1.40135	1.36707	1.32801	1.28038	1.24207	1.20912	1.17954	1.1517	1.1253	1.09642	1.07097	1.03659	0.99726	0.95934	0.910997	0.861991	0.805571	0.747514	0.692719	0.631377	0.573739	0.517891	0.462376	0.41069	0.363367	0.317929	0.275551	0.238094	0.20455	0.174879	0.147142	0.123613	0.103418	0.0871713	0.0707663	0.0585332	0.0475516	0.0383849	0.0318736	0.0250807	0.0201806	0.0162367	0.0127498	0.0104394	0.00798593	0.00644397	0.00493624	0.00374909	0.00313037	0.00243755	0.00194153	0.0014593	0.0011353	0.000958324	0.000637482	0.000642274	0.000500233	0.000358712	0.000333513	0.000277543	0.000275792	0.00017813	0.000188553	0.000238128	0.000110013	0.00015453	9.90724e-05	0.00031858	0	0.000132495	4.27653e-05	0	0	0	0	0	6.02411e-06	0	0	0	0	0	0	0	0	0	0	0	
ZZ
0.543544	0.779719	0.883254	1.00425	1.07866	1.18338	1.26748	1.3386	1.401	1.43443	1.44541	1.43746	1.40025	1.3645	1.32618	1.27978	1.2443	1.20626	1.18121	1.1534	1.12309	1.09682	1.07039	1.03449	0.998138	0.96193	0.91148	0.860239	0.806721	0.750306	0.691467	0.633148	0.572869	0.519111	0.463327	0.411274	0.362615	0.317483	0.274904	0.237853	0.20282	0.174129	0.146604	0.123289	0.103914	0.0858564	0.0714638	0.0587052	0.0477639	0.0388331	0.0315309	0.0257574	0.0205261	0.0163198	0.0127222	0.0102015	0.008177	0.00627794	0.0047994	0.00386706	0.00293415	0.0022997	0.00186563	0.00135968	0.0010722	0.00108266	0.000750913	0.000638396	0.000533891	0.000340539	0.000297562	0.000235369	0.000244111	0.000188526	0.000184775	0.000155571	0.000131766	0.000151434	0.000242718	0.000104065	0.000201212	6.49201e-05	0	5.40874e-05	0	0	0	0	0	0	0	0	0	0	0	0	0	0	0	0	
QCD100
0.65457	0.763277	0.885287	0.982083	1.07414	1.17286	1.26489	1.34169	1.40355	1.43716	1.44597	1.43412	1.4019	1.36502	1.32345	1.28174	1.24344	1.211	1.18126	1.15321	1.12478	1.09768	1.06884	1.03682	0.998817	0.958325	0.911744	0.860452	0.805784	0.748594	0.690954	0.632654	0.573767	0.516826	0.462708	0.411151	0.362648	0.317244	0.275134	0.237811	0.204316	0.173661	0.146938	0.123937	0.103382	0.086132	0.0710795	0.058713	0.0475602	0.0388325	0.0314411	0.0251938	0.0203745	0.0162936	0.0129169	0.0101239	0.00812797	0.00630367	0.005098	0.00384247	0.00308171	0.00241783	0.00193563	0.00150543	0.00120493	0.000954273	0.000740552	0.000561649	0.000470704	0.000417028	0.000306252	0.000267552	0.000268818	0.000197616	0.000229135	0.000190991	0.000147957	0.000124941	0.000155197	0.000159698	0.000205852	0.000132835	7.14582e-05	0.000276674	3.56718e-05	5.74004e-05	7.37421e-05	0	0	0	0	0	0	0	0	0	0	0	0	0	
QCD250
0.674808	0.792082	0.868401	0.969477	1.07977	1.17443	1.26458	1.34348	1.40212	1.44076	1.44899	1.43253	1.40289	1.36547	1.32332	1.28003	1.24523	1.21146	1.1791	1.1528	1.12514	1.09852	1.06849	1.03741	1.0003	0.957541	0.909524	0.859795	0.806455	0.749244	0.690568	0.63198	0.573655	0.517321	0.463193	0.410436	0.361275	0.316617	0.275985	0.238098	0.204915	0.173394	0.146822	0.123591	0.103457	0.0862802	0.0713512	0.0584958	0.0478677	0.0392101	0.0313031	0.0252852	0.020328	0.0164142	0.0130594	0.0102987	0.00793951	0.00618279	0.00488685	0.00396236	0.00304585	0.0024315	0.00182999	0.00150663	0.00121583	0.00096838	0.000726683	0.000628007	0.00054745	0.000414115	0.000325765	0.000324981	0.000271392	0.000197199	0.000181422	0.000224141	0.000148855	0.000261362	0.000191502	0.000172424	6.17376e-05	0	0.000115729	0.00014936	9.62859e-05	0	0	0	0	0	0	0	0	0	0	0	0	0	0	0	
QCD500
0.625117	0.77421	0.891571	0.979122	1.08221	1.17216	1.264	1.34366	1.40068	1.43802	1.44647	1.43235	1.40667	1.36294	1.32356	1.28402	1.24368	1.21273	1.18069	1.15148	1.12459	1.09888	1.06909	1.03592	1.00045	0.957397	0.910386	0.860805	0.805967	0.74853	0.691301	0.63226	0.573744	0.516787	0.462144	0.410687	0.362608	0.316192	0.274757	0.237365	0.203941	0.173628	0.146419	0.124548	0.103405	0.0861634	0.0711495	0.0586813	0.0474906	0.0391308	0.0316113	0.0253212	0.020188	0.016078	0.0128901	0.0103014	0.0080818	0.00636988	0.00499895	0.00395171	0.00306237	0.00247075	0.00189068	0.00154935	0.00114158	0.000930448	0.000777624	0.000617403	0.000539646	0.000416641	0.000368345	0.000296246	0.000274751	0.00021328	0.000196406	0.000132479	0.000137143	0.000197016	0.000101049	0.00012185	7.85331e-05	0.000101354	8.72368e-05	0	0	0	4.50125e-05	0	0	0	0	4.72112e-06	0	0	0	0	0	0	0	0	
QCD1000
0.746897	0.80504	0.87704	0.981855	1.08182	1.17139	1.26636	1.34582	1.40265	1.44061	1.44507	1.4333	1.40084	1.36729	1.32161	1.28138	1.2459	1.20842	1.17958	1.15342	1.12437	1.09901	1.06861	1.03867	1.00017	0.959367	0.9092	0.859135	0.804153	0.748714	0.691339	0.632982	0.573234	0.517119	0.463441	0.410381	0.362964	0.316852	0.27502	0.236968	0.203977	0.175168	0.14676	0.124118	0.103822	0.085691	0.0713795	0.0590451	0.047658	0.0385418	0.0313649	0.0250322	0.0206412	0.0160098	0.0131539	0.0104573	0.00817192	0.0062575	0.00499261	0.00391318	0.00319752	0.00243067	0.0019153	0.0014203	0.00126275	0.000938972	0.000860796	0.000541873	0.00050783	0.000452766	0.000316444	0.00023053	0.000334068	0.000214775	0.00016063	0.000263722	0.000119661	8.22784e-05	0.000171438	6.30035e-05	0.000284242	0	0	7.64068e-05	4.9256e-05	0	0	0	0	0	0	0	0	0	0	0	0	0	0	0	
