EWKZ
0.628811	0.781135	0.884007	0.971714	1.06403	1.18782	1.25416	1.35008	1.40645	1.43522	1.44674	1.43503	1.40655	1.36728	1.32743	1.28054	1.24751	1.20734	1.18598	1.15297	1.12278	1.09957	1.07553	1.03914	1.00322	0.95531	0.908594	0.85812	0.804927	0.746657	0.688447	0.630937	0.570238	0.51045	0.454247	0.406417	0.359893	0.310281	0.273997	0.236711	0.202731	0.169266	0.143241	0.12107	0.102854	0.0850895	0.0712273	0.0580123	0.0469393	0.0380692	0.0316646	0.0258616	0.0202969	0.016027	0.0129197	0.010127	0.00821592	0.00590383	0.00495018	0.00396468	0.00327144	0.00236008	0.0020465	0.00151806	0.00119049	0.000951805	0.000755414	0.000654221	0.000415471	0.000447106	0.000353322	0.000230765	0.000571449	0.000237557	0.000298354	0.000188586	0.000359706	0.000114919	0.000147448	0	0	0	0	0	0	0	0	0	0	0	0	0	0	0	0	0	0	0	0	0	
EWKZRD
1.523	1.23322	1.22857	1.30697	1.19362	1.18933	1.16026	1.12174	1.09259	1.06376	1.03923	1.02073	1.00694	1.00122	0.99764	0.995098	1.00295	1.00468	1.00433	1.00978	1.0137	1.00929	1.00744	1.00504	0.998916	0.989494	0.98263	0.976584	0.967228	0.954185	0.94392	0.937138	0.921255	0.914276	0.898389	0.890109	0.879757	0.885393	0.870147	0.84273	0.84296	0.852109	0.805255	0.779668	0.764704	0.773788	0.751923	0.694223	0.679907	0.851863	0.631932	0.742878	0.905569	0.565647	0.536572	0.769218	0.372321	0.690067	0.423487	0.774981	0.470248	0.568148	0.171006	0	0.123163	0	0	0	0	0	0	0	0	0	0	0	0	0	0	0	0	0	0	0	0	0	0	0	0	0	0	0	0	0	0	0	0	0	0	0	
DY
0.624059	0.768879	0.898742	0.97902	1.08009	1.17932	1.26428	1.34872	1.41061	1.43764	1.45119	1.43602	1.40449	1.36679	1.32611	1.28537	1.2452	1.21048	1.18138	1.15253	1.12548	1.09994	1.06851	1.03606	0.999131	0.956554	0.909716	0.859334	0.803867	0.746493	0.686631	0.63079	0.572977	0.514074	0.458165	0.407411	0.35834	0.313938	0.273253	0.234878	0.200886	0.171919	0.145799	0.122128	0.101429	0.0847412	0.0701856	0.0574173	0.0469389	0.0383173	0.0304062	0.0248362	0.019789	0.0159404	0.0125598	0.0100949	0.00797351	0.00626088	0.00490783	0.0039292	0.00309372	0.00238477	0.0018254	0.00151338	0.00116045	0.000963407	0.000741064	0.000602824	0.000472054	0.000380998	0.000333807	0.000271624	0.000229156	0.000235083	0.000172692	0.000199493	0.000229891	0.00010683	0.000150776	0.000323397	6.95072e-05	0.000134605	0.000130376	0	0.000108516	0	0	0	0	1.17112e-05	0	0	2.96965e-06	0	0	0	0	0	0	0	
DYRD
1.45779	1.2702	1.29407	1.25899	1.229	1.19609	1.16312	1.12482	1.09662	1.06582	1.04351	1.02692	1.01479	1.00587	1.0026	1.00174	1.00412	1.007	1.00924	1.00997	1.0099	1.00872	1.00653	1.0025	0.995479	0.98658	0.978354	0.972113	0.960107	0.946712	0.940418	0.926681	0.915478	0.908287	0.892719	0.881606	0.871739	0.857622	0.845678	0.834814	0.823115	0.810965	0.788703	0.777063	0.757755	0.746432	0.73024	0.693352	0.693455	0.669902	0.65242	0.662407	0.663894	0.606727	0.586376	0.545313	0.555562	0.591119	0.652973	0.56902	0.690547	0.973362	0.502236	2.11112	0.422009	0.759149	0	0	0.165688	0	0	0	0	0	0	0	0	0	0	0	0	0	0	0	0	0	0	0	0	0	0	0	0	0	0	0	0	0	0	0	
DY0
0.629179	0.762617	0.899963	0.975112	1.07753	1.17552	1.26437	1.34968	1.41163	1.43875	1.44975	1.43546	1.40553	1.36718	1.3276	1.28627	1.24549	1.21203	1.18128	1.15412	1.1246	1.09857	1.06844	1.03579	0.999629	0.956088	0.909466	0.859163	0.803509	0.746523	0.6864	0.630654	0.572702	0.514393	0.458099	0.407278	0.357867	0.313503	0.273284	0.235032	0.20053	0.17229	0.14592	0.121984	0.101245	0.0844886	0.0698835	0.0573035	0.0469323	0.0383071	0.0303437	0.024832	0.0197353	0.015997	0.0126755	0.0100238	0.00799026	0.00617624	0.00493074	0.00395257	0.0030959	0.00235104	0.00187279	0.00151358	0.00120033	0.000953425	0.000752713	0.000595841	0.000460997	0.000365634	0.000334068	0.000255254	0.000201291	0.00022433	0.000174235	0.000190228	0.000266081	0.000130781	0.000136337	0.000350913	7.54212e-05	9.73717e-05	9.43125e-05	0	7.84993e-05	0	0	0	0	0	0	0	2.14822e-06	0	0	0	0	0	0	0	
DY1
0.600962	0.776635	0.892581	0.97912	1.08293	1.18218	1.26817	1.34722	1.4069	1.44276	1.44863	1.43679	1.40725	1.36421	1.32477	1.28449	1.24537	1.20975	1.18138	1.15448	1.12672	1.09886	1.0696	1.03665	0.998927	0.95679	0.909573	0.857053	0.804789	0.746189	0.689048	0.628773	0.571606	0.514324	0.458513	0.408403	0.35719	0.314505	0.271785	0.235294	0.201631	0.171757	0.145413	0.122371	0.101959	0.0847232	0.0700024	0.0573417	0.0466754	0.0381306	0.0305986	0.0251052	0.020085	0.0158394	0.012638	0.0101627	0.00799292	0.00620934	0.00480185	0.003837	0.00294898	0.00231215	0.00193541	0.00147356	0.00108635	0.00083584	0.000823295	0.000598136	0.000495452	0.000376314	0.000292087	0.000275973	0.000233567	0.000191765	0.00016421	0.000169148	0.000145184	0.000231917	0.000108204	0.000153177	0.000493831	0.000159389	0.000205841	4.42868e-05	8.56642e-05	2.75727e-05	3.54264e-05	2.27032e-05	0	0	0	3.71668e-06	0	0	0	0	0	0	0	0	
DY2
0.641015	0.78054	0.88222	0.979928	1.07326	1.17292	1.2652	1.34503	1.40754	1.44233	1.45075	1.43652	1.40692	1.36817	1.32465	1.2843	1.24421	1.21028	1.18115	1.15168	1.1264	1.09855	1.0691	1.03577	0.999586	0.958074	0.911047	0.858138	0.803669	0.743981	0.688052	0.629363	0.573109	0.514046	0.458093	0.409077	0.359312	0.31451	0.272959	0.235404	0.202378	0.171327	0.144389	0.122278	0.101825	0.0845608	0.0701629	0.0572727	0.0469425	0.0379542	0.0309867	0.0248414	0.0200499	0.0159776	0.0127621	0.0101364	0.00787503	0.00611664	0.0049678	0.00388265	0.00308948	0.0023739	0.00180289	0.00150555	0.00111996	0.000986662	0.000703152	0.000653743	0.000545273	0.000387958	0.000331309	0.000270866	0.000262013	0.000209129	0.000193125	0.000180455	0.000164927	0.000168612	0.000154527	0.000116005	7.47984e-05	0.000144851	0	0	0	2.50579e-05	0	0	0	0	0	0	0	0	0	0	0	0	0	0	
DY3
0.611366	0.80339	0.86785	0.979686	1.08269	1.18481	1.2751	1.34966	1.40377	1.44546	1.44995	1.43527	1.4085	1.36838	1.32422	1.28074	1.24594	1.2122	1.18083	1.15527	1.12375	1.10144	1.07146	1.0366	0.999384	0.956693	0.908489	0.857546	0.803267	0.743929	0.686559	0.630544	0.570049	0.514146	0.459473	0.406719	0.358571	0.314558	0.272944	0.234312	0.201232	0.172503	0.145484	0.121719	0.101815	0.0842793	0.0703823	0.0568908	0.0469153	0.0380612	0.0304749	0.0246157	0.0196698	0.0163961	0.0129975	0.0102363	0.00782965	0.00619397	0.00502709	0.00389062	0.00303763	0.00241107	0.00192934	0.00137814	0.0012308	0.000924397	0.00069839	0.000623855	0.000410417	0.000375002	0.000341727	0.000231425	0.000196581	0.00021084	0.000330999	0.000261526	0.000443403	0.000212488	0.000136317	0.000175431	0.000226231	4.86787e-05	0	0	0	0	1.62293e-05	0	0	0	0	0	0	0	0	0	0	0	0	0	
DY4
0.620427	0.807878	0.896128	0.967557	1.08408	1.15845	1.25869	1.34715	1.4063	1.44135	1.45342	1.43074	1.40545	1.36661	1.33049	1.2832	1.24526	1.21229	1.18212	1.15322	1.12704	1.09944	1.06879	1.03647	0.999723	0.957349	0.905457	0.855214	0.802978	0.745678	0.688542	0.630085	0.571764	0.514595	0.460095	0.408563	0.358145	0.314453	0.274737	0.235019	0.199647	0.171744	0.146511	0.121843	0.103393	0.0842155	0.0698986	0.0572803	0.0469087	0.0375198	0.0318849	0.0247259	0.0201952	0.0160914	0.0127719	0.00997437	0.00774824	0.00602881	0.00481202	0.00402067	0.0031362	0.00237003	0.00201371	0.00149927	0.0012097	0.000967166	0.00081883	0.000565263	0.000419633	0.00045964	0.000322777	0.000226759	0.00023397	0.000218844	0.000192396	0.000304029	0.000128866	0.000164681	0.000158471	0.000101971	0	8.48849e-05	0	0	0	0	0	0	0	0	1.56354e-06	0	0	0	0	0	0	0	0	0	
WJets
0.626471	0.761463	0.873871	0.984692	1.07439	1.17884	1.26721	1.34768	1.40771	1.43988	1.44912	1.43677	1.40518	1.36678	1.32429	1.28343	1.245	1.21195	1.18098	1.15203	1.12536	1.09892	1.07037	1.03749	0.999214	0.956142	0.910016	0.858494	0.8039	0.746839	0.689023	0.629343	0.570416	0.514562	0.459268	0.407216	0.35941	0.314164	0.272749	0.234774	0.201787	0.171363	0.145255	0.121726	0.102296	0.0847999	0.0699406	0.0578468	0.0469286	0.0381864	0.0308345	0.0247893	0.0199101	0.015967	0.0127171	0.0100387	0.00792449	0.00624864	0.0048455	0.00382213	0.00302863	0.00239664	0.00194881	0.00152262	0.00117989	0.000897284	0.000772354	0.000618657	0.000493593	0.000431153	0.00037418	0.00030183	0.00023556	0.000232057	0.000152114	0.000158856	0.000162069	0.00014843	0.000142833	0.000131298	0.000118522	9.56354e-05	9.88061e-05	0.000106291	2.28443e-05	2.64704e-05	0	0	0	0	0	0	0	0	0	0	0	0	0	0	
W0Jets
0.61295	0.767229	0.87352	0.987458	1.07443	1.17845	1.26883	1.34795	1.40656	1.44095	1.44889	1.43656	1.40512	1.36732	1.3237	1.28245	1.24503	1.2114	1.18157	1.15282	1.12512	1.09948	1.07032	1.03802	0.998841	0.9558	0.910013	0.858776	0.803288	0.746525	0.689279	0.629481	0.570466	0.514318	0.459399	0.40732	0.359399	0.313918	0.273181	0.234829	0.201454	0.171391	0.145287	0.121577	0.102328	0.0847667	0.0701027	0.0578336	0.0469357	0.0382193	0.0309845	0.0248278	0.0199006	0.0159872	0.0127133	0.0100147	0.00787634	0.00622032	0.00483955	0.00379402	0.00299615	0.00236271	0.00188701	0.00150435	0.00121474	0.000899928	0.000785291	0.000604999	0.000487547	0.000444416	0.000373146	0.000300652	0.000219631	0.000236128	0.000144947	0.000143055	0.000178771	0.000138025	0.000177094	0.000124313	9.79677e-05	9.48601e-05	0.000122506	7.90717e-05	2.18498e-05	2.46148e-05	0	0	0	0	0	0	0	0	0	0	0	0	0	0	
W1Jets
0.642188	0.768516	0.875453	0.979488	1.07257	1.17437	1.26829	1.34682	1.40128	1.44191	1.44713	1.43647	1.40604	1.36716	1.32648	1.28351	1.24601	1.21234	1.18151	1.15142	1.12783	1.09579	1.06851	1.03661	0.999312	0.955932	0.910488	0.859014	0.802583	0.746371	0.688439	0.629191	0.571227	0.516241	0.460176	0.407369	0.360301	0.314196	0.272519	0.235086	0.201551	0.171946	0.145429	0.122711	0.101655	0.0848638	0.0700436	0.0572669	0.046729	0.0379157	0.0309551	0.02491	0.0194092	0.015782	0.0128348	0.0100304	0.00789681	0.00613354	0.00495859	0.00387237	0.00298341	0.00236901	0.00203123	0.00147423	0.00118605	0.00100835	0.000785168	0.000635329	0.000487921	0.000402201	0.000382494	0.000349816	0.000250117	0.000217127	0.000239784	0.000156978	0.000174659	0.000148801	0.000114552	9.21378e-05	0.000475272	7.66994e-05	0.000198106	6.39336e-05	8.24448e-05	5.3073e-05	0	2.185e-05	0	0	0	0	0	0	0	0	0	0	0	0	
W2Jets
0.599756	0.776904	0.899226	0.981746	1.07685	1.17566	1.27057	1.3498	1.40585	1.43933	1.44805	1.4345	1.40465	1.36684	1.32554	1.28308	1.24538	1.21123	1.17981	1.15341	1.12692	1.0994	1.06961	1.03621	0.998001	0.95653	0.909716	0.858918	0.803544	0.746636	0.688688	0.630169	0.571781	0.51493	0.459847	0.406693	0.360082	0.313503	0.272205	0.235289	0.200346	0.172169	0.145521	0.122008	0.102453	0.084865	0.0698446	0.0578415	0.0471308	0.0382716	0.0306803	0.0250218	0.0200592	0.0159709	0.0125714	0.00988153	0.00784332	0.0062639	0.00479862	0.00390359	0.00297928	0.00244505	0.00191191	0.00139869	0.00123265	0.000917273	0.000728985	0.000610144	0.000512165	0.000358153	0.000319037	0.000279752	0.000258832	0.000248937	0.000209615	0.000138805	0.000105901	0.000157889	0.000116874	0.000139665	0.000126075	5.81315e-05	6.56893e-05	0.000169597	0	0	4.52219e-05	0	1.85214e-05	0	0	0	0	0	0	0	0	0	0	0	
W3Jets
0.604617	0.793395	0.879782	0.988775	1.06978	1.17096	1.26751	1.35271	1.39839	1.43991	1.45185	1.43566	1.4037	1.36743	1.32444	1.2833	1.24613	1.21362	1.18218	1.15261	1.1279	1.09982	1.07088	1.03625	0.995745	0.95819	0.908023	0.856358	0.803562	0.747649	0.688949	0.628935	0.570348	0.514818	0.459071	0.407045	0.360531	0.314019	0.272825	0.234802	0.200905	0.171807	0.145022	0.122055	0.10124	0.0848046	0.0698848	0.0575587	0.0468944	0.038495	0.0313307	0.0248539	0.0199965	0.015977	0.0126711	0.00998591	0.00802593	0.00619448	0.0049115	0.00384769	0.0030444	0.00233041	0.00189363	0.00148159	0.00117315	0.000947297	0.000811557	0.000679431	0.000521431	0.000445393	0.000298381	0.000251893	0.000212649	0.000235259	0.00020817	0.000144741	0.0002045	0.000130668	0.000251481	0.000161819	0.000104339	0.000101029	6.52365e-05	0	0	3.49541e-05	0	0	0	0	0	0	0	0	0	0	0	0	0	0	
W4Jets
0.608489	0.775833	0.87102	0.991599	1.07476	1.17092	1.26381	1.34865	1.41233	1.44062	1.44774	1.43636	1.40432	1.36577	1.32592	1.28264	1.24659	1.21058	1.18157	1.15348	1.12503	1.09935	1.06979	1.03584	0.997137	0.956539	0.908018	0.858614	0.804622	0.743947	0.689469	0.630399	0.570526	0.514054	0.461555	0.408382	0.359165	0.314294	0.272177	0.235739	0.202655	0.171061	0.145114	0.122313	0.102142	0.085659	0.0692387	0.0577024	0.0468799	0.0388584	0.0308706	0.0250849	0.0198317	0.0159235	0.0128648	0.00986371	0.00817178	0.00623748	0.00500696	0.00389557	0.003087	0.00236936	0.00191648	0.00150336	0.00118353	0.000975291	0.00068576	0.000568447	0.000531377	0.000359291	0.000415169	0.000352947	0.000250479	0.000206574	0.00026809	0.000133781	0.000115435	0.000344206	0.000132491	0.000142089	6.87126e-05	0.000177421	0	0	0	0	0	0	0	0	0	0	0	0	0	0	0	0	0	0	
TTJetsSemiLept
0.649761	0.792506	0.894307	0.971755	1.08075	1.17433	1.26622	1.35053	1.40491	1.44211	1.45047	1.43502	1.40721	1.36615	1.32653	1.28231	1.24565	1.21119	1.18081	1.15137	1.12632	1.09997	1.07159	1.03509	0.998632	0.95769	0.91159	0.858739	0.801857	0.747135	0.688546	0.628356	0.571072	0.5141	0.458235	0.40832	0.357769	0.312545	0.273778	0.235741	0.201728	0.171599	0.14452	0.121967	0.102878	0.0847668	0.0702168	0.0573144	0.0467417	0.0384384	0.03081	0.0247659	0.0200395	0.0158762	0.0126873	0.0100243	0.00786811	0.00642014	0.00481069	0.00384244	0.00308661	0.00236042	0.00185939	0.00144731	0.00116801	0.000866202	0.000732096	0.000585165	0.00051809	0.000403928	0.000378329	0.000283769	0.000208138	0.000217099	0.000214233	0.000152887	0.000231796	0.000128361	0.000123521	0.000132469	6.40604e-05	0	0.000213616	3.44696e-05	8.88998e-05	0	3.67645e-05	0	0	0	0	0	0	0	0	0	0	0	0	0	
TTJetsFullLept
0.645432	0.744301	0.891557	0.978642	1.08057	1.17758	1.26119	1.34851	1.40596	1.44542	1.45096	1.43115	1.40758	1.3703	1.32692	1.28309	1.24221	1.20891	1.17964	1.15203	1.12734	1.1007	1.06938	1.03501	1.00047	0.955358	0.906975	0.858694	0.803752	0.746887	0.686892	0.630317	0.571443	0.51486	0.461431	0.407245	0.361586	0.314049	0.271648	0.235495	0.201731	0.171728	0.144477	0.121788	0.102681	0.0847135	0.0695753	0.0572686	0.0477679	0.0387899	0.0311497	0.0252198	0.0201577	0.0158589	0.0127992	0.0100216	0.00783125	0.00617502	0.00485161	0.00392687	0.00305974	0.00244747	0.00192288	0.00142799	0.00129341	0.000926841	0.000742655	0.000503078	0.000441478	0.000360583	0.000424923	0.000240139	0.000354511	0.00014369	0.000164058	0.000126743	0.000120874	0.000231701	0.00019819	0.000127529	6.16714e-05	0.00015924	5.14124e-05	0	4.27922e-05	0	0	0	0	0	0	0	0	0	0	0	0	0	0	0	
TTJetsHadronic
0.605752	0.788957	0.879275	0.98037	1.0801	1.17365	1.26785	1.34934	1.40574	1.44008	1.44934	1.43537	1.40435	1.36695	1.32441	1.28432	1.24616	1.21179	1.18099	1.15367	1.12763	1.09825	1.07055	1.03589	0.999337	0.957225	0.910358	0.858185	0.803357	0.745652	0.688338	0.627851	0.571551	0.514203	0.459105	0.407112	0.358821	0.314461	0.272645	0.235017	0.201658	0.171627	0.144838	0.122391	0.10242	0.0851387	0.0697463	0.0572519	0.0469397	0.038234	0.0307059	0.0248737	0.0197573	0.0161146	0.0125424	0.00996491	0.00781699	0.00615933	0.00492449	0.00387386	0.00304085	0.00230891	0.00185965	0.00148436	0.00120042	0.000905872	0.000744765	0.000591283	0.000497088	0.000380951	0.000306219	0.000279809	0.000269299	0.000229691	0.000181865	0.000203382	0.000168101	0.000169595	0.0001292	0.000120925	0.000142946	9.22743e-05	8.93752e-05	0.000230749	4.95932e-05	9.57754e-05	0	3.94304e-05	2.51997e-05	0	0	0	0	0	0	0	0	0	0	0	
T-W
1.47079	0.75693	0.860791	0.961967	1.03116	1.14949	1.25457	1.35027	1.42258	1.41519	1.42565	1.40681	1.39352	1.35985	1.32559	1.30181	1.2625	1.21723	1.18911	1.16337	1.1179	1.08734	1.07319	1.05024	1.00083	0.957411	0.908906	0.849483	0.814141	0.745904	0.682067	0.626377	0.567154	0.513275	0.471209	0.399281	0.356494	0.315686	0.273715	0.23898	0.198269	0.171668	0.145889	0.12033	0.0999934	0.0830573	0.0702613	0.0585304	0.0495355	0.0371454	0.0293599	0.0282551	0.0219272	0.016582	0.013108	0.0114473	0.00770937	0.00522845	0.0041432	0.00361552	0.00292513	0.00318069	0.00155246	0.00215581	0.00159117	0.000954115	0.000827363	0.000407396	0.000676779	0.000410842	0.000334503	0.000205622	0	0	0.000149539	0	0	0	0	0	0	0	0	0	0	0	0	0	0	0	0	0	0	0	0	0	0	0	0	0	
Tbar-W
0.583352	0.8256	0.836628	1.00578	1.04522	1.21585	1.22559	1.30615	1.42556	1.44689	1.44086	1.44657	1.43157	1.37697	1.32889	1.27665	1.25121	1.20928	1.18022	1.15855	1.13408	1.09781	1.06274	1.03075	0.98892	0.954137	0.908923	0.8564	0.797631	0.756394	0.694672	0.634191	0.572995	0.520754	0.453187	0.404628	0.350987	0.316683	0.269868	0.228695	0.199838	0.168366	0.146396	0.122881	0.104401	0.0811847	0.0707008	0.0599512	0.0454495	0.0405963	0.0299882	0.0272539	0.0200225	0.0150719	0.0123785	0.0108692	0.00930061	0.00551614	0.00497823	0.0039711	0.00326301	0.0023077	0.00153937	0.00136808	0.00128192	0.000946067	0.000820384	0.000444356	0.000268428	0.000814753	0.000199009	0.000305832	0	0.000236125	0	9.37248e-05	0	0	0	0	0	0	0	0	0	0	0	0	0	0	0	0	0	0	0	0	0	0	0	0	
T-s
0.614634	0.74989	0.967726	0.928651	1.06066	1.18699	1.27325	1.35614	1.38379	1.42979	1.4325	1.43994	1.42622	1.36433	1.31906	1.27401	1.25314	1.21145	1.18081	1.15618	1.11481	1.09462	1.07252	1.04303	1.00364	0.959013	0.913866	0.866569	0.809425	0.731453	0.687105	0.616066	0.574219	0.522269	0.463775	0.410332	0.35221	0.31195	0.277639	0.230703	0.204961	0.166824	0.150159	0.122059	0.099	0.0854278	0.0724063	0.0612712	0.0500475	0.0373679	0.0297532	0.0276215	0.0209777	0.0152694	0.0112417	0.0101591	0.00805427	0.00698551	0.00420605	0.00377727	0.00275039	0.00332299	0.00166697	0.001001	0.00216106	0.00129584	0.00038897	0.000292615	0.000707057	0.000429222	0.000524202	8.0558e-05	0.000199488	0	0	0	0	0	0	0	5.33897e-06	0	0	0	0	0	0	0	0	0	0	0	0	0	0	0	0	0	0	0	
Tbar-s
0	0.900724	0.773193	0.949712	1.05699	1.17078	1.2438	1.33997	1.34783	1.43197	1.42347	1.44828	1.38104	1.37587	1.33055	1.29016	1.25738	1.23156	1.18356	1.14179	1.11222	1.09016	1.06988	1.03855	0.981753	0.955015	0.901005	0.863116	0.820194	0.750611	0.682293	0.629598	0.578235	0.504063	0.468274	0.421298	0.359797	0.322394	0.268603	0.240835	0.201842	0.164815	0.150994	0.12006	0.103501	0.0876907	0.0763845	0.056881	0.0423317	0.0379474	0.0366879	0.0276393	0.0218539	0.0147423	0.011111	0.00959842	0.00931128	0.00651958	0.00923306	0.00563217	0.00317342	0.00383408	0.00179513	0.00194034	0.00193935	0.00348867	0.00104719	0	0	0.000231111	0.000282253	0.000173503	5.37064e-05	0	2.10301e-05	2.65858e-05	0	0	0	0	0	0	0	0	0	0	0	0	0	0	0	0	0	0	0	0	0	0	0	0	
T-t
0.65336	0.776275	0.887049	0.971214	1.0882	1.16159	1.27433	1.34415	1.4122	1.43597	1.44543	1.43599	1.40576	1.36807	1.32168	1.28535	1.24217	1.21212	1.18741	1.15392	1.12468	1.09592	1.0661	1.03923	1.00081	0.958282	0.910219	0.859825	0.800831	0.744159	0.688019	0.628773	0.569743	0.513173	0.458034	0.408378	0.362325	0.315398	0.274033	0.234695	0.201351	0.173367	0.143907	0.122322	0.103255	0.0845784	0.0708503	0.0566362	0.0472972	0.0385043	0.030157	0.0248172	0.0198247	0.0156175	0.0129321	0.00984061	0.00854281	0.00617088	0.00469786	0.00419162	0.00296732	0.00252843	0.00197175	0.00127689	0.0011158	0.00106442	0.000852014	0.000626712	0.000417218	0.000517101	0.000315764	0.000358344	0.000240331	0.000163486	0.000102663	0.000237938	6.48341e-05	7.24963e-05	0	0.000119706	0	0	0	0	0	0	0	0	0	0	0	0	0	0	0	0	0	0	0	0	
Tbar-t
0.635438	0.76357	0.959072	1.01151	1.06499	1.17664	1.274	1.33974	1.41973	1.43996	1.46438	1.43932	1.41025	1.36577	1.31923	1.28737	1.23985	1.20859	1.18668	1.15758	1.12249	1.09382	1.06945	1.03328	0.994542	0.957384	0.905448	0.852693	0.806145	0.748663	0.688361	0.628216	0.572164	0.518571	0.461871	0.407376	0.357229	0.314108	0.272562	0.235473	0.20429	0.170518	0.146153	0.122236	0.10133	0.0840481	0.071172	0.0566705	0.0475236	0.0394732	0.0316693	0.0238813	0.0197408	0.0166802	0.0127422	0.00971375	0.00785747	0.00645322	0.00504363	0.00390813	0.00326698	0.00208444	0.0020491	0.0015241	0.00134053	0.00104846	0.000629429	0.000792051	0.000554013	0.000399375	0.000354728	0.00059965	0.000247488	0.000154325	0.000581462	0.000122512	0.000233677	0.00014931	0	0	0	0	0	0	0	0	0	0	0	0	0	0	0	0	0	0	0	0	0	0	
WW
0.683363	0.770329	0.874597	0.977091	1.07652	1.16822	1.27291	1.34357	1.40711	1.43651	1.4509	1.43585	1.40567	1.36791	1.32515	1.28629	1.24423	1.2126	1.1803	1.15356	1.12755	1.10038	1.0702	1.03679	0.997454	0.956756	0.90756	0.859832	0.803892	0.745901	0.687393	0.628769	0.572426	0.513897	0.458039	0.406342	0.358783	0.314347	0.273339	0.234306	0.200656	0.172098	0.145121	0.122156	0.102101	0.0851218	0.0703127	0.0579837	0.0468159	0.0384688	0.0306994	0.0246482	0.0199479	0.0158454	0.0128633	0.0101466	0.00799515	0.00610473	0.00505632	0.00392723	0.00304328	0.00249997	0.0017228	0.00139464	0.00109675	0.000877634	0.000670999	0.000514588	0.000477188	0.000440313	0.000366646	0.000335025	0.000232548	0.000299081	0.000176764	0.000189942	0.00017252	9.64543e-05	0.000247513	0.000318532	5.13462e-05	0	8.56095e-05	0	0	0	0	0	0	0	0	0	0	0	0	0	0	0	0	0	
WZ
0.675543	0.797488	0.883382	0.986035	1.09182	1.16693	1.25916	1.35602	1.39259	1.44465	1.45008	1.4342	1.40367	1.36926	1.33006	1.28226	1.24376	1.21062	1.18082	1.15274	1.12607	1.09687	1.07108	1.03633	0.99661	0.958285	0.909547	0.860156	0.80339	0.745029	0.689963	0.628432	0.570651	0.51472	0.459192	0.407542	0.360294	0.314987	0.27278	0.235509	0.202168	0.172705	0.145202	0.121891	0.101904	0.0858358	0.0696367	0.0575637	0.0467376	0.0377086	0.0312978	0.0246179	0.0198018	0.0159278	0.012505	0.0102379	0.0078317	0.00632	0.00484212	0.00367862	0.0030727	0.00239382	0.00190787	0.00143504	0.00111738	0.000944108	0.000628699	0.000634166	0.000494533	0.000355086	0.000330577	0.000275461	0.000274071	0.000177231	0.000187809	0.000237424	0.000109784	0.000154325	9.90036e-05	0.000318527	0	0.000132578	4.28041e-05	0	0	0	0	0	6.0344e-06	0	0	0	0	0	0	0	0	0	0	0	
ZZ
0.541361	0.780022	0.884387	1.00581	1.08045	1.18541	1.26968	1.34093	1.40344	1.43691	1.44789	1.43989	1.40257	1.36669	1.32822	1.28165	1.246	1.20776	1.1825	1.15444	1.12385	1.09727	1.0705	1.03423	0.997487	0.960873	0.910029	0.858408	0.804537	0.747811	0.688716	0.630194	0.569786	0.515932	0.460137	0.408122	0.359548	0.314545	0.27214	0.235271	0.200458	0.171965	0.14467	0.121571	0.102392	0.084541	0.070323	0.0577329	0.0469464	0.0381489	0.0309613	0.0252822	0.0201408	0.0160094	0.012478	0.0100046	0.00801908	0.00615716	0.00470788	0.00379436	0.00288009	0.00225845	0.00183328	0.00133708	0.00105527	0.0010666	0.000740567	0.000630337	0.000527809	0.000337097	0.000294943	0.000233603	0.000242588	0.000187574	0.000184046	0.000155111	0.000131492	0.000151232	0.00024255	0.000104048	0.000201266	6.49607e-05	0	5.41487e-05	0	0	0	0	0	0	0	0	0	0	0	0	0	0	0	0	
QCD100
0.651941	0.763573	0.886423	0.983611	1.07593	1.17487	1.26708	1.34403	1.40599	1.43965	1.44845	1.43654	1.40421	1.36722	1.3255	1.28362	1.24514	1.21251	1.18255	1.15425	1.12555	1.09814	1.06895	1.03656	0.998166	0.957272	0.910292	0.85862	0.803603	0.746105	0.688205	0.629702	0.570679	0.513661	0.459522	0.407999	0.359581	0.314308	0.272367	0.235229	0.201937	0.171503	0.145	0.12221	0.101869	0.0848125	0.0699449	0.0577405	0.0467461	0.0381483	0.0308731	0.024729	0.019992	0.0159836	0.0126688	0.00992855	0.00797099	0.0061824	0.00500079	0.00377023	0.00302493	0.00237446	0.00190207	0.0014804	0.00118591	0.000940117	0.00073035	0.000554559	0.000465342	0.000412813	0.000303557	0.000265545	0.00026714	0.000196618	0.000228231	0.000190426	0.000147648	0.000124774	0.000155089	0.000159672	0.000205908	0.000132917	7.1523e-05	0.000276987	3.57185e-05	5.74836e-05	7.38569e-05	0	0	0	0	0	0	0	0	0	0	0	0	0	
QCD250
0.672098	0.792389	0.869514	0.970985	1.08157	1.17644	1.26677	1.34582	1.40456	1.44325	1.45148	1.43494	1.40521	1.36766	1.32536	1.2819	1.24693	1.21297	1.18038	1.15384	1.1259	1.09897	1.0686	1.03715	0.999646	0.956489	0.908077	0.857965	0.804272	0.746753	0.68782	0.629032	0.570567	0.514154	0.460004	0.40729	0.35822	0.313687	0.273209	0.235513	0.202528	0.17124	0.144886	0.12187	0.101942	0.0849584	0.0702123	0.057527	0.0470484	0.0385192	0.0307376	0.0248186	0.0199464	0.0161019	0.0128086	0.0101	0.00778617	0.00606385	0.00479367	0.00388788	0.00298974	0.00238788	0.00179826	0.00148159	0.00119664	0.000954014	0.000716672	0.00062008	0.000541213	0.000409929	0.000322898	0.000322543	0.000269699	0.000196204	0.000180706	0.000223479	0.000148545	0.000261014	0.000191369	0.000172395	6.17544e-05	0	0.000115834	0.00014953	9.6412e-05	0	0	0	0	0	0	0	0	0	0	0	0	0	0	0	
QCD500
0.622607	0.774511	0.892714	0.980645	1.08401	1.17417	1.26619	1.346	1.40312	1.44051	1.44895	1.43477	1.40899	1.36513	1.32561	1.2859	1.24538	1.21424	1.18198	1.15252	1.12535	1.09933	1.0692	1.03566	0.999798	0.956345	0.908937	0.858973	0.803785	0.746041	0.68855	0.62931	0.570656	0.513623	0.458962	0.407539	0.359542	0.313265	0.271994	0.234788	0.201566	0.17147	0.144488	0.122814	0.101892	0.0848433	0.0700138	0.0577094	0.0466777	0.0384414	0.0310403	0.0248539	0.019809	0.0157721	0.0126426	0.0101026	0.00792571	0.00624734	0.00490363	0.00387743	0.00300595	0.00242643	0.0018579	0.0015236	0.00112356	0.000916645	0.000766911	0.00060961	0.000533498	0.000412429	0.000365103	0.000294024	0.000273037	0.000212204	0.000195631	0.000132087	0.000136857	0.000196754	0.000100978	0.00012183	7.85544e-05	0.000101417	8.73159e-05	0	0	0	4.50826e-05	0	0	0	0	4.72974e-06	0	0	0	0	0	0	0	0	
QCD1000
0.743898	0.805352	0.878165	0.983382	1.08362	1.17339	1.26856	1.34817	1.40509	1.44311	1.44754	1.43572	1.40316	1.36949	1.32365	1.28326	1.2476	1.20993	1.18087	1.15446	1.12514	1.09946	1.06872	1.03841	0.999518	0.958312	0.907753	0.857306	0.801976	0.746225	0.688589	0.630028	0.570149	0.513952	0.460249	0.407235	0.359895	0.31392	0.272254	0.234395	0.201602	0.172991	0.144825	0.122389	0.102302	0.0843782	0.0702401	0.0580672	0.0468423	0.0378627	0.0307982	0.0245704	0.0202537	0.0157052	0.0129014	0.0102555	0.0080141	0.00613712	0.00489741	0.00383961	0.00313861	0.00238707	0.0018821	0.00139669	0.00124281	0.000925042	0.000848937	0.000535033	0.000502044	0.000448189	0.000313659	0.0002288	0.000331983	0.000213691	0.000159996	0.000262942	0.000119412	8.21688e-05	0.000171319	6.29932e-05	0.000284319	0	0	7.64933e-05	4.93205e-05	0	0	0	0	0	0	0	0	0	0	0	0	0	0	0	
